
p 16

 t 11

 
 Reachable states from S0 [3, 0, 1, 1, 0, 0, 2, 0, 0, 1, 0, 3, 0, 2, 0,
2]
T1 => S1 [2, 1, 0, 1, 0, 0, 2, 0, 0, 1, 0, 3, 0, 2, 0, 1]
T7 => S150 [3, 0, 1, 1, 0, 0, 2, 0, 0, 1, 0, 2, 0, 1, 1, 1]

 
 Reachable states from S1 [2, 1, 0, 1, 0, 0, 2, 0, 0, 1, 0, 3, 0, 2, 0,
1]
T2 => S2 [2, 0, 1, 0, 1, 0, 2, 0, 0, 1, 0, 3, 0, 2, 0, 2]
T7 => S141 [2, 1, 0, 1, 0, 0, 2, 0, 0, 1, 0, 2, 0, 1, 1, 0]
T3 => S155 [2, 0, 1, 1, 0, 1, 1, 0, 0, 1, 0, 3, 0, 2, 0, 1]

 
 Reachable states from S2 [2, 0, 1, 0, 1, 0, 2, 0, 0, 1, 0, 3, 0, 2, 0,
2]
T11 => S0 [3, 0, 1, 1, 0, 0, 2, 0, 0, 1, 0, 3, 0, 2, 0, 2]
T1 => S3 [1, 1, 0, 0, 1, 0, 2, 0, 0, 1, 0, 3, 0, 2, 0, 1]
T7 => S18 [2, 0, 1, 0, 1, 0, 2, 0, 0, 1, 0, 2, 0, 1, 1, 1]

 
 Reachable states from S3 [1, 1, 0, 0, 1, 0, 2, 0, 0, 1, 0, 3, 0, 2, 0,
1]
T11 => S1 [2, 1, 0, 1, 0, 0, 2, 0, 0, 1, 0, 3, 0, 2, 0, 1]
T3 => S4 [1, 0, 1, 0, 1, 1, 1, 0, 0, 1, 0, 3, 0, 2, 0, 1]
T7 => S19 [1, 1, 0, 0, 1, 0, 2, 0, 0, 1, 0, 2, 0, 1, 1, 0]

 
 Reachable states from S4 [1, 0, 1, 0, 1, 1, 1, 0, 0, 1, 0, 3, 0, 2, 0,
1]
T1 => S5 [0, 1, 0, 0, 1, 1, 1, 0, 0, 1, 0, 3, 0, 2, 0, 0]
T7 => S20 [1, 0, 1, 0, 1, 1, 1, 0, 0, 1, 0, 2, 0, 1, 1, 0]
T4 => S126 [1, 0, 1, 0, 1, 0, 2, 0, 1, 0, 0, 3, 0, 2, 0, 1]
T11 => S155 [2, 0, 1, 1, 0, 1, 1, 0, 0, 1, 0, 3, 0, 2, 0, 1]

 
 Reachable states from S5 [0, 1, 0, 0, 1, 1, 1, 0, 0, 1, 0, 3, 0, 2, 0,
0]
T3 => S6 [0, 0, 1, 0, 1, 2, 0, 0, 0, 1, 0, 3, 0, 2, 0, 0]
T4 => S127 [0, 1, 0, 0, 1, 0, 2, 0, 1, 0, 0, 3, 0, 2, 0, 0]
T11 => S154 [1, 1, 0, 1, 0, 1, 1, 0, 0, 1, 0, 3, 0, 2, 0, 0]

 
 Reachable states from S6 [0, 0, 1, 0, 1, 2, 0, 0, 0, 1, 0, 3, 0, 2, 0,
0]
T4 => S7 [0, 0, 1, 0, 1, 1, 1, 0, 1, 0, 0, 3, 0, 2, 0, 0]
T11 => S153 [1, 0, 1, 1, 0, 2, 0, 0, 0, 1, 0, 3, 0, 2, 0, 0]

 
 Reachable states from S7 [0, 0, 1, 0, 1, 1, 1, 0, 1, 0, 0, 3, 0, 2, 0,
0]
T5 => S8 [0, 0, 1, 0, 1, 1, 1, 0, 0, 1, 0, 3, 1, 1, 0, 1]
T11 => S151 [1, 0, 1, 1, 0, 1, 1, 0, 1, 0, 0, 3, 0, 2, 0, 0]

 
 Reachable states from S8 [0, 0, 1, 0, 1, 1, 1, 0, 0, 1, 0, 3, 1, 1, 0,
1]
T6 => S4 [1, 0, 1, 0, 1, 1, 1, 0, 0, 1, 0, 3, 0, 2, 0, 1]
T4 => S9 [0, 0, 1, 0, 1, 0, 2, 0, 1, 0, 0, 3, 1, 1, 0, 1]
T7 => S14 [0, 0, 1, 0, 1, 1, 1, 0, 0, 1, 0, 2, 1, 0, 1, 0]
T11 => S116 [1, 0, 1, 1, 0, 1, 1, 0, 0, 1, 0, 3, 1, 1, 0, 1]

 
 Reachable states from S9 [0, 0, 1, 0, 1, 0, 2, 0, 1, 0, 0, 3, 1, 1, 0,
1]
T5 => S10 [0, 0, 1, 0, 1, 0, 2, 0, 0, 1, 0, 3, 2, 0, 0, 2]
T7 => S15 [0, 0, 1, 0, 1, 0, 2, 0, 1, 0, 0, 2, 1, 0, 1, 0]
T11 => S122 [1, 0, 1, 1, 0, 0, 2, 0, 1, 0, 0, 3, 1, 1, 0, 1]
T6 => S126 [1, 0, 1, 0, 1, 0, 2, 0, 1, 0, 0, 3, 0, 2, 0, 1]

 
 Reachable states from S10 [0, 0, 1, 0, 1, 0, 2, 0, 0, 1, 0, 3, 2, 0, 0,
2]
T6 => S11 [1, 0, 1, 0, 1, 0, 2, 0, 0, 1, 0, 3, 1, 1, 0, 2]
T11 => S152 [1, 0, 1, 1, 0, 0, 2, 0, 0, 1, 0, 3, 2, 0, 0, 2]

 
 Reachable states from S11 [1, 0, 1, 0, 1, 0, 2, 0, 0, 1, 0, 3, 1, 1, 0,
2]
T6 => S2 [2, 0, 1, 0, 1, 0, 2, 0, 0, 1, 0, 3, 0, 2, 0, 2]
T1 => S12 [0, 1, 0, 0, 1, 0, 2, 0, 0, 1, 0, 3, 1, 1, 0, 1]
T7 => S17 [1, 0, 1, 0, 1, 0, 2, 0, 0, 1, 0, 2, 1, 0, 1, 1]
T11 => S114 [2, 0, 1, 1, 0, 0, 2, 0, 0, 1, 0, 3, 1, 1, 0, 2]

 
 Reachable states from S12 [0, 1, 0, 0, 1, 0, 2, 0, 0, 1, 0, 3, 1, 1, 0,
1]
T6 => S3 [1, 1, 0, 0, 1, 0, 2, 0, 0, 1, 0, 3, 0, 2, 0, 1]
T3 => S8 [0, 0, 1, 0, 1, 1, 1, 0, 0, 1, 0, 3, 1, 1, 0, 1]
T7 => S13 [0, 1, 0, 0, 1, 0, 2, 0, 0, 1, 0, 2, 1, 0, 1, 0]
T11 => S115 [1, 1, 0, 1, 0, 0, 2, 0, 0, 1, 0, 3, 1, 1, 0, 1]

 
 Reachable states from S13 [0, 1, 0, 0, 1, 0, 2, 0, 0, 1, 0, 2, 1, 0, 1,
0]
T3 => S14 [0, 0, 1, 0, 1, 1, 1, 0, 0, 1, 0, 2, 1, 0, 1, 0]
T6 => S19 [1, 1, 0, 0, 1, 0, 2, 0, 0, 1, 0, 2, 0, 1, 1, 0]
T11 => S131 [1, 1, 0, 1, 0, 0, 2, 0, 0, 1, 0, 2, 1, 0, 1, 0]
T8 => S144 [0, 1, 0, 0, 1, 0, 2, 0, 0, 0, 1, 2, 1, 1, 0, 1]

 
 Reachable states from S14 [0, 0, 1, 0, 1, 1, 1, 0, 0, 1, 0, 2, 1, 0, 1,
0]
T4 => S15 [0, 0, 1, 0, 1, 0, 2, 0, 1, 0, 0, 2, 1, 0, 1, 0]
T6 => S20 [1, 0, 1, 0, 1, 1, 1, 0, 0, 1, 0, 2, 0, 1, 1, 0]
T11 => S132 [1, 0, 1, 1, 0, 1, 1, 0, 0, 1, 0, 2, 1, 0, 1, 0]
T8 => S137 [0, 0, 1, 0, 1, 1, 1, 0, 0, 0, 1, 2, 1, 1, 0, 1]

 
 Reachable states from S15 [0, 0, 1, 0, 1, 0, 2, 0, 1, 0, 0, 2, 1, 0, 1,
0]
T6 => S16 [1, 0, 1, 0, 1, 0, 2, 0, 1, 0, 0, 2, 0, 1, 1, 0]
T11 => S133 [1, 0, 1, 1, 0, 0, 2, 0, 1, 0, 0, 2, 1, 0, 1, 0]

 
 Reachable states from S16 [1, 0, 1, 0, 1, 0, 2, 0, 1, 0, 0, 2, 0, 1, 1,
0]
T5 => S17 [1, 0, 1, 0, 1, 0, 2, 0, 0, 1, 0, 2, 1, 0, 1, 1]
T11 => S129 [2, 0, 1, 1, 0, 0, 2, 0, 1, 0, 0, 2, 0, 1, 1, 0]

 
 Reachable states from S17 [1, 0, 1, 0, 1, 0, 2, 0, 0, 1, 0, 2, 1, 0, 1,
1]
T1 => S13 [0, 1, 0, 0, 1, 0, 2, 0, 0, 1, 0, 2, 1, 0, 1, 0]
T6 => S18 [2, 0, 1, 0, 1, 0, 2, 0, 0, 1, 0, 2, 0, 1, 1, 1]
T11 => S130 [2, 0, 1, 1, 0, 0, 2, 0, 0, 1, 0, 2, 1, 0, 1, 1]
T8 => S143 [1, 0, 1, 0, 1, 0, 2, 0, 0, 0, 1, 2, 1, 1, 0, 2]

 
 Reachable states from S18 [2, 0, 1, 0, 1, 0, 2, 0, 0, 1, 0, 2, 0, 1, 1,
1]
T1 => S19 [1, 1, 0, 0, 1, 0, 2, 0, 0, 1, 0, 2, 0, 1, 1, 0]
T7 => S93 [2, 0, 1, 0, 1, 0, 2, 0, 0, 1, 0, 1, 0, 0, 2, 0]
T8 => S108 [2, 0, 1, 0, 1, 0, 2, 0, 0, 0, 1, 2, 0, 2, 0, 2]
T11 => S150 [3, 0, 1, 1, 0, 0, 2, 0, 0, 1, 0, 2, 0, 1, 1, 1]

 
 Reachable states from S19 [1, 1, 0, 0, 1, 0, 2, 0, 0, 1, 0, 2, 0, 1, 1,
0]
T3 => S20 [1, 0, 1, 0, 1, 1, 1, 0, 0, 1, 0, 2, 0, 1, 1, 0]
T8 => S109 [1, 1, 0, 0, 1, 0, 2, 0, 0, 0, 1, 2, 0, 2, 0, 1]
T11 => S141 [2, 1, 0, 1, 0, 0, 2, 0, 0, 1, 0, 2, 0, 1, 1, 0]

 
 Reachable states from S20 [1, 0, 1, 0, 1, 1, 1, 0, 0, 1, 0, 2, 0, 1, 1,
0]
T4 => S16 [1, 0, 1, 0, 1, 0, 2, 0, 1, 0, 0, 2, 0, 1, 1, 0]
T8 => S21 [1, 0, 1, 0, 1, 1, 1, 0, 0, 0, 1, 2, 0, 2, 0, 1]
T11 => S134 [2, 0, 1, 1, 0, 1, 1, 0, 0, 1, 0, 2, 0, 1, 1, 0]

 
 Reachable states from S21 [1, 0, 1, 0, 1, 1, 1, 0, 0, 0, 1, 2, 0, 2, 0,
1]
T1 => S22 [0, 1, 0, 0, 1, 1, 1, 0, 0, 0, 1, 2, 0, 2, 0, 0]
T9 => S34 [1, 0, 1, 0, 1, 1, 0, 1, 0, 1, 0, 2, 0, 2, 0, 1]
T7 => S52 [1, 0, 1, 0, 1, 1, 1, 0, 0, 0, 1, 1, 0, 1, 1, 0]
T11 => S110 [2, 0, 1, 1, 0, 1, 1, 0, 0, 0, 1, 2, 0, 2, 0, 1]

 
 Reachable states from S22 [0, 1, 0, 0, 1, 1, 1, 0, 0, 0, 1, 2, 0, 2, 0,
0]
T3 => S23 [0, 0, 1, 0, 1, 2, 0, 0, 0, 0, 1, 2, 0, 2, 0, 0]
T9 => S25 [0, 1, 0, 0, 1, 1, 0, 1, 0, 1, 0, 2, 0, 2, 0, 0]
T11 => S56 [1, 1, 0, 1, 0, 1, 1, 0, 0, 0, 1, 2, 0, 2, 0, 0]

 
 Reachable states from S23 [0, 0, 1, 0, 1, 2, 0, 0, 0, 0, 1, 2, 0, 2, 0,
0]
T11 => S24 [1, 0, 1, 1, 0, 2, 0, 0, 0, 0, 1, 2, 0, 2, 0, 0]
Deadlock on S24 [1, 0, 1, 1, 0, 2, 0, 0, 0, 0, 1, 2, 0, 2, 0, 0]

 
 Reachable states from S25 [0, 1, 0, 0, 1, 1, 0, 1, 0, 1, 0, 2, 0, 2, 0,
0]
T10 => S5 [0, 1, 0, 0, 1, 1, 1, 0, 0, 1, 0, 3, 0, 2, 0, 0]
T4 => S26 [0, 1, 0, 0, 1, 0, 1, 1, 1, 0, 0, 2, 0, 2, 0, 0]
T11 => S57 [1, 1, 0, 1, 0, 1, 0, 1, 0, 1, 0, 2, 0, 2, 0, 0]

 
 Reachable states from S26 [0, 1, 0, 0, 1, 0, 1, 1, 1, 0, 0, 2, 0, 2, 0,
0]
T3 => S27 [0, 0, 1, 0, 1, 1, 0, 1, 1, 0, 0, 2, 0, 2, 0, 0]
T5 => S32 [0, 1, 0, 0, 1, 0, 1, 1, 0, 1, 0, 2, 1, 1, 0, 1]
T11 => S58 [1, 1, 0, 1, 0, 0, 1, 1, 1, 0, 0, 2, 0, 2, 0, 0]
T10 => S127 [0, 1, 0, 0, 1, 0, 2, 0, 1, 0, 0, 3, 0, 2, 0, 0]

 
 Reachable states from S27 [0, 0, 1, 0, 1, 1, 0, 1, 1, 0, 0, 2, 0, 2, 0,
0]
T10 => S7 [0, 0, 1, 0, 1, 1, 1, 0, 1, 0, 0, 3, 0, 2, 0, 0]
T5 => S28 [0, 0, 1, 0, 1, 1, 0, 1, 0, 1, 0, 2, 1, 1, 0, 1]
T11 => S59 [1, 0, 1, 1, 0, 1, 0, 1, 1, 0, 0, 2, 0, 2, 0, 0]

 
 Reachable states from S28 [0, 0, 1, 0, 1, 1, 0, 1, 0, 1, 0, 2, 1, 1, 0,
1]
T10 => S8 [0, 0, 1, 0, 1, 1, 1, 0, 0, 1, 0, 3, 1, 1, 0, 1]
T4 => S29 [0, 0, 1, 0, 1, 0, 1, 1, 1, 0, 0, 2, 1, 1, 0, 1]
T6 => S34 [1, 0, 1, 0, 1, 1, 0, 1, 0, 1, 0, 2, 0, 2, 0, 1]
T7 => S39 [0, 0, 1, 0, 1, 1, 0, 1, 0, 1, 0, 1, 1, 0, 1, 0]
T11 => S60 [1, 0, 1, 1, 0, 1, 0, 1, 0, 1, 0, 2, 1, 1, 0, 1]

 
 Reachable states from S29 [0, 0, 1, 0, 1, 0, 1, 1, 1, 0, 0, 2, 1, 1, 0,
1]
T10 => S9 [0, 0, 1, 0, 1, 0, 2, 0, 1, 0, 0, 3, 1, 1, 0, 1]
T5 => S30 [0, 0, 1, 0, 1, 0, 1, 1, 0, 1, 0, 2, 2, 0, 0, 2]
T6 => S35 [1, 0, 1, 0, 1, 0, 1, 1, 1, 0, 0, 2, 0, 2, 0, 1]
T7 => S40 [0, 0, 1, 0, 1, 0, 1, 1, 1, 0, 0, 1, 1, 0, 1, 0]
T11 => S66 [1, 0, 1, 1, 0, 0, 1, 1, 1, 0, 0, 2, 1, 1, 0, 1]

 
 Reachable states from S30 [0, 0, 1, 0, 1, 0, 1, 1, 0, 1, 0, 2, 2, 0, 0,
2]
T10 => S10 [0, 0, 1, 0, 1, 0, 2, 0, 0, 1, 0, 3, 2, 0, 0, 2]
T6 => S31 [1, 0, 1, 0, 1, 0, 1, 1, 0, 1, 0, 2, 1, 1, 0, 2]
T11 => S67 [1, 0, 1, 1, 0, 0, 1, 1, 0, 1, 0, 2, 2, 0, 0, 2]

 
 Reachable states from S31 [1, 0, 1, 0, 1, 0, 1, 1, 0, 1, 0, 2, 1, 1, 0,
2]
T10 => S11 [1, 0, 1, 0, 1, 0, 2, 0, 0, 1, 0, 3, 1, 1, 0, 2]
T1 => S32 [0, 1, 0, 0, 1, 0, 1, 1, 0, 1, 0, 2, 1, 1, 0, 1]
T7 => S37 [1, 0, 1, 0, 1, 0, 1, 1, 0, 1, 0, 1, 1, 0, 1, 1]
T6 => S71 [2, 0, 1, 0, 1, 0, 1, 1, 0, 1, 0, 2, 0, 2, 0, 2]
T11 => S113 [2, 0, 1, 1, 0, 0, 1, 1, 0, 1, 0, 2, 1, 1, 0, 2]

 
 Reachable states from S32 [0, 1, 0, 0, 1, 0, 1, 1, 0, 1, 0, 2, 1, 1, 0,
1]
T10 => S12 [0, 1, 0, 0, 1, 0, 2, 0, 0, 1, 0, 3, 1, 1, 0, 1]
T3 => S28 [0, 0, 1, 0, 1, 1, 0, 1, 0, 1, 0, 2, 1, 1, 0, 1]
T6 => S33 [1, 1, 0, 0, 1, 0, 1, 1, 0, 1, 0, 2, 0, 2, 0, 1]
T7 => S38 [0, 1, 0, 0, 1, 0, 1, 1, 0, 1, 0, 1, 1, 0, 1, 0]
T11 => S69 [1, 1, 0, 1, 0, 0, 1, 1, 0, 1, 0, 2, 1, 1, 0, 1]

 
 Reachable states from S33 [1, 1, 0, 0, 1, 0, 1, 1, 0, 1, 0, 2, 0, 2, 0,
1]
T10 => S3 [1, 1, 0, 0, 1, 0, 2, 0, 0, 1, 0, 3, 0, 2, 0, 1]
T3 => S34 [1, 0, 1, 0, 1, 1, 0, 1, 0, 1, 0, 2, 0, 2, 0, 1]
T11 => S70 [2, 1, 0, 1, 0, 0, 1, 1, 0, 1, 0, 2, 0, 2, 0, 1]
T7 => S73 [1, 1, 0, 0, 1, 0, 1, 1, 0, 1, 0, 1, 0, 1, 1, 0]

 
 Reachable states from S34 [1, 0, 1, 0, 1, 1, 0, 1, 0, 1, 0, 2, 0, 2, 0,
1]
T10 => S4 [1, 0, 1, 0, 1, 1, 1, 0, 0, 1, 0, 3, 0, 2, 0, 1]
T1 => S25 [0, 1, 0, 0, 1, 1, 0, 1, 0, 1, 0, 2, 0, 2, 0, 0]
T4 => S35 [1, 0, 1, 0, 1, 0, 1, 1, 1, 0, 0, 2, 0, 2, 0, 1]
T7 => S53 [1, 0, 1, 0, 1, 1, 0, 1, 0, 1, 0, 1, 0, 1, 1, 0]
T11 => S111 [2, 0, 1, 1, 0, 1, 0, 1, 0, 1, 0, 2, 0, 2, 0, 1]

 
 Reachable states from S35 [1, 0, 1, 0, 1, 0, 1, 1, 1, 0, 0, 2, 0, 2, 0,
1]
T1 => S26 [0, 1, 0, 0, 1, 0, 1, 1, 1, 0, 0, 2, 0, 2, 0, 0]
T5 => S31 [1, 0, 1, 0, 1, 0, 1, 1, 0, 1, 0, 2, 1, 1, 0, 2]
T7 => S36 [1, 0, 1, 0, 1, 0, 1, 1, 1, 0, 0, 1, 0, 1, 1, 0]
T11 => S112 [2, 0, 1, 1, 0, 0, 1, 1, 1, 0, 0, 2, 0, 2, 0, 1]
T10 => S126 [1, 0, 1, 0, 1, 0, 2, 0, 1, 0, 0, 3, 0, 2, 0, 1]

 
 Reachable states from S36 [1, 0, 1, 0, 1, 0, 1, 1, 1, 0, 0, 1, 0, 1, 1,
0]
T10 => S16 [1, 0, 1, 0, 1, 0, 2, 0, 1, 0, 0, 2, 0, 1, 1, 0]
T5 => S37 [1, 0, 1, 0, 1, 0, 1, 1, 0, 1, 0, 1, 1, 0, 1, 1]
T11 => S42 [2, 0, 1, 1, 0, 0, 1, 1, 1, 0, 0, 1, 0, 1, 1, 0]

 
 Reachable states from S37 [1, 0, 1, 0, 1, 0, 1, 1, 0, 1, 0, 1, 1, 0, 1,
1]
T10 => S17 [1, 0, 1, 0, 1, 0, 2, 0, 0, 1, 0, 2, 1, 0, 1, 1]
T1 => S38 [0, 1, 0, 0, 1, 0, 1, 1, 0, 1, 0, 1, 1, 0, 1, 0]
T11 => S43 [2, 0, 1, 1, 0, 0, 1, 1, 0, 1, 0, 1, 1, 0, 1, 1]
T6 => S72 [2, 0, 1, 0, 1, 0, 1, 1, 0, 1, 0, 1, 0, 1, 1, 1]
T8 => S163 [1, 0, 1, 0, 1, 0, 1, 1, 0, 0, 1, 1, 1, 1, 0, 2]

 
 Reachable states from S38 [0, 1, 0, 0, 1, 0, 1, 1, 0, 1, 0, 1, 1, 0, 1,
0]
T10 => S13 [0, 1, 0, 0, 1, 0, 2, 0, 0, 1, 0, 2, 1, 0, 1, 0]
T3 => S39 [0, 0, 1, 0, 1, 1, 0, 1, 0, 1, 0, 1, 1, 0, 1, 0]
T11 => S44 [1, 1, 0, 1, 0, 0, 1, 1, 0, 1, 0, 1, 1, 0, 1, 0]
T6 => S73 [1, 1, 0, 0, 1, 0, 1, 1, 0, 1, 0, 1, 0, 1, 1, 0]
T8 => S164 [0, 1, 0, 0, 1, 0, 1, 1, 0, 0, 1, 1, 1, 1, 0, 1]

 
 Reachable states from S39 [0, 0, 1, 0, 1, 1, 0, 1, 0, 1, 0, 1, 1, 0, 1,
0]
T10 => S14 [0, 0, 1, 0, 1, 1, 1, 0, 0, 1, 0, 2, 1, 0, 1, 0]
T4 => S40 [0, 0, 1, 0, 1, 0, 1, 1, 1, 0, 0, 1, 1, 0, 1, 0]
T11 => S45 [1, 0, 1, 1, 0, 1, 0, 1, 0, 1, 0, 1, 1, 0, 1, 0]
T6 => S53 [1, 0, 1, 0, 1, 1, 0, 1, 0, 1, 0, 1, 0, 1, 1, 0]
T8 => S159 [0, 0, 1, 0, 1, 1, 0, 1, 0, 0, 1, 1, 1, 1, 0, 1]

 
 Reachable states from S40 [0, 0, 1, 0, 1, 0, 1, 1, 1, 0, 0, 1, 1, 0, 1,
0]
T10 => S15 [0, 0, 1, 0, 1, 0, 2, 0, 1, 0, 0, 2, 1, 0, 1, 0]
T6 => S36 [1, 0, 1, 0, 1, 0, 1, 1, 1, 0, 0, 1, 0, 1, 1, 0]
T11 => S41 [1, 0, 1, 1, 0, 0, 1, 1, 1, 0, 0, 1, 1, 0, 1, 0]

 
 Reachable states from S41 [1, 0, 1, 1, 0, 0, 1, 1, 1, 0, 0, 1, 1, 0, 1,
0]
T6 => S42 [2, 0, 1, 1, 0, 0, 1, 1, 1, 0, 0, 1, 0, 1, 1, 0]
T10 => S133 [1, 0, 1, 1, 0, 0, 2, 0, 1, 0, 0, 2, 1, 0, 1, 0]

 
 Reachable states from S42 [2, 0, 1, 1, 0, 0, 1, 1, 1, 0, 0, 1, 0, 1, 1,
0]
T5 => S43 [2, 0, 1, 1, 0, 0, 1, 1, 0, 1, 0, 1, 1, 0, 1, 1]
T10 => S129 [2, 0, 1, 1, 0, 0, 2, 0, 1, 0, 0, 2, 0, 1, 1, 0]

 
 Reachable states from S43 [2, 0, 1, 1, 0, 0, 1, 1, 0, 1, 0, 1, 1, 0, 1,
1]
T1 => S44 [1, 1, 0, 1, 0, 0, 1, 1, 0, 1, 0, 1, 1, 0, 1, 0]
T6 => S99 [3, 0, 1, 1, 0, 0, 1, 1, 0, 1, 0, 1, 0, 1, 1, 1]
T10 => S130 [2, 0, 1, 1, 0, 0, 2, 0, 0, 1, 0, 2, 1, 0, 1, 1]
T8 => S171 [2, 0, 1, 1, 0, 0, 1, 1, 0, 0, 1, 1, 1, 1, 0, 2]

 
 Reachable states from S44 [1, 1, 0, 1, 0, 0, 1, 1, 0, 1, 0, 1, 1, 0, 1,
0]
T2 => S37 [1, 0, 1, 0, 1, 0, 1, 1, 0, 1, 0, 1, 1, 0, 1, 1]
T3 => S45 [1, 0, 1, 1, 0, 1, 0, 1, 0, 1, 0, 1, 1, 0, 1, 0]
T6 => S85 [2, 1, 0, 1, 0, 0, 1, 1, 0, 1, 0, 1, 0, 1, 1, 0]
T10 => S131 [1, 1, 0, 1, 0, 0, 2, 0, 0, 1, 0, 2, 1, 0, 1, 0]
T8 => S162 [1, 1, 0, 1, 0, 0, 1, 1, 0, 0, 1, 1, 1, 1, 0, 1]

 
 Reachable states from S45 [1, 0, 1, 1, 0, 1, 0, 1, 0, 1, 0, 1, 1, 0, 1,
0]
T4 => S41 [1, 0, 1, 1, 0, 0, 1, 1, 1, 0, 0, 1, 1, 0, 1, 0]
T6 => S46 [2, 0, 1, 1, 0, 1, 0, 1, 0, 1, 0, 1, 0, 1, 1, 0]
T10 => S132 [1, 0, 1, 1, 0, 1, 1, 0, 0, 1, 0, 2, 1, 0, 1, 0]
T8 => S157 [1, 0, 1, 1, 0, 1, 0, 1, 0, 0, 1, 1, 1, 1, 0, 1]

 
 Reachable states from S46 [2, 0, 1, 1, 0, 1, 0, 1, 0, 1, 0, 1, 0, 1, 1,
0]
T4 => S42 [2, 0, 1, 1, 0, 0, 1, 1, 1, 0, 0, 1, 0, 1, 1, 0]
T8 => S47 [2, 0, 1, 1, 0, 1, 0, 1, 0, 0, 1, 1, 0, 2, 0, 1]
T10 => S134 [2, 0, 1, 1, 0, 1, 1, 0, 0, 1, 0, 2, 0, 1, 1, 0]

 
 Reachable states from S47 [2, 0, 1, 1, 0, 1, 0, 1, 0, 0, 1, 1, 0, 2, 0,
1]
T1 => S48 [1, 1, 0, 1, 0, 1, 0, 1, 0, 0, 1, 1, 0, 2, 0, 0]
T7 => S55 [2, 0, 1, 1, 0, 1, 0, 1, 0, 0, 1, 0, 0, 1, 1, 0]
T10 => S110 [2, 0, 1, 1, 0, 1, 1, 0, 0, 0, 1, 2, 0, 2, 0, 1]

 
 Reachable states from S48 [1, 1, 0, 1, 0, 1, 0, 1, 0, 0, 1, 1, 0, 2, 0,
0]
T2 => S49 [1, 0, 1, 0, 1, 1, 0, 1, 0, 0, 1, 1, 0, 2, 0, 1]
T10 => S56 [1, 1, 0, 1, 0, 1, 1, 0, 0, 0, 1, 2, 0, 2, 0, 0]

 
 Reachable states from S49 [1, 0, 1, 0, 1, 1, 0, 1, 0, 0, 1, 1, 0, 2, 0,
1]
T10 => S21 [1, 0, 1, 0, 1, 1, 1, 0, 0, 0, 1, 2, 0, 2, 0, 1]
T11 => S47 [2, 0, 1, 1, 0, 1, 0, 1, 0, 0, 1, 1, 0, 2, 0, 1]
T1 => S50 [0, 1, 0, 0, 1, 1, 0, 1, 0, 0, 1, 1, 0, 2, 0, 0]
T7 => S51 [1, 0, 1, 0, 1, 1, 0, 1, 0, 0, 1, 0, 0, 1, 1, 0]

 
 Reachable states from S50 [0, 1, 0, 0, 1, 1, 0, 1, 0, 0, 1, 1, 0, 2, 0,
0]
T10 => S22 [0, 1, 0, 0, 1, 1, 1, 0, 0, 0, 1, 2, 0, 2, 0, 0]
T11 => S48 [1, 1, 0, 1, 0, 1, 0, 1, 0, 0, 1, 1, 0, 2, 0, 0]

 
 Reachable states from S51 [1, 0, 1, 0, 1, 1, 0, 1, 0, 0, 1, 0, 0, 1, 1,
0]
T10 => S52 [1, 0, 1, 0, 1, 1, 1, 0, 0, 0, 1, 1, 0, 1, 1, 0]
T11 => S55 [2, 0, 1, 1, 0, 1, 0, 1, 0, 0, 1, 0, 0, 1, 1, 0]

 
 Reachable states from S52 [1, 0, 1, 0, 1, 1, 1, 0, 0, 0, 1, 1, 0, 1, 1,
0]
T9 => S53 [1, 0, 1, 0, 1, 1, 0, 1, 0, 1, 0, 1, 0, 1, 1, 0]
T11 => S54 [2, 0, 1, 1, 0, 1, 1, 0, 0, 0, 1, 1, 0, 1, 1, 0]

 
 Reachable states from S53 [1, 0, 1, 0, 1, 1, 0, 1, 0, 1, 0, 1, 0, 1, 1,
0]
T10 => S20 [1, 0, 1, 0, 1, 1, 1, 0, 0, 1, 0, 2, 0, 1, 1, 0]
T4 => S36 [1, 0, 1, 0, 1, 0, 1, 1, 1, 0, 0, 1, 0, 1, 1, 0]
T11 => S46 [2, 0, 1, 1, 0, 1, 0, 1, 0, 1, 0, 1, 0, 1, 1, 0]
T8 => S49 [1, 0, 1, 0, 1, 1, 0, 1, 0, 0, 1, 1, 0, 2, 0, 1]

 
 Reachable states from S54 [2, 0, 1, 1, 0, 1, 1, 0, 0, 0, 1, 1, 0, 1, 1,
0]
T9 => S46 [2, 0, 1, 1, 0, 1, 0, 1, 0, 1, 0, 1, 0, 1, 1, 0]

 
 Reachable states from S55 [2, 0, 1, 1, 0, 1, 0, 1, 0, 0, 1, 0, 0, 1, 1,
0]
T10 => S54 [2, 0, 1, 1, 0, 1, 1, 0, 0, 0, 1, 1, 0, 1, 1, 0]

 
 Reachable states from S56 [1, 1, 0, 1, 0, 1, 1, 0, 0, 0, 1, 2, 0, 2, 0,
0]
T2 => S21 [1, 0, 1, 0, 1, 1, 1, 0, 0, 0, 1, 2, 0, 2, 0, 1]
T3 => S24 [1, 0, 1, 1, 0, 2, 0, 0, 0, 0, 1, 2, 0, 2, 0, 0]
T9 => S57 [1, 1, 0, 1, 0, 1, 0, 1, 0, 1, 0, 2, 0, 2, 0, 0]

 
 Reachable states from S57 [1, 1, 0, 1, 0, 1, 0, 1, 0, 1, 0, 2, 0, 2, 0,
0]
T2 => S34 [1, 0, 1, 0, 1, 1, 0, 1, 0, 1, 0, 2, 0, 2, 0, 1]
T4 => S58 [1, 1, 0, 1, 0, 0, 1, 1, 1, 0, 0, 2, 0, 2, 0, 0]
T10 => S154 [1, 1, 0, 1, 0, 1, 1, 0, 0, 1, 0, 3, 0, 2, 0, 0]

 
 Reachable states from S58 [1, 1, 0, 1, 0, 0, 1, 1, 1, 0, 0, 2, 0, 2, 0,
0]
T2 => S35 [1, 0, 1, 0, 1, 0, 1, 1, 1, 0, 0, 2, 0, 2, 0, 1]
T3 => S59 [1, 0, 1, 1, 0, 1, 0, 1, 1, 0, 0, 2, 0, 2, 0, 0]
T5 => S69 [1, 1, 0, 1, 0, 0, 1, 1, 0, 1, 0, 2, 1, 1, 0, 1]
T10 => S125 [1, 1, 0, 1, 0, 0, 2, 0, 1, 0, 0, 3, 0, 2, 0, 0]

 
 Reachable states from S59 [1, 0, 1, 1, 0, 1, 0, 1, 1, 0, 0, 2, 0, 2, 0,
0]
T5 => S60 [1, 0, 1, 1, 0, 1, 0, 1, 0, 1, 0, 2, 1, 1, 0, 1]
T10 => S151 [1, 0, 1, 1, 0, 1, 1, 0, 1, 0, 0, 3, 0, 2, 0, 0]

 
 Reachable states from S60 [1, 0, 1, 1, 0, 1, 0, 1, 0, 1, 0, 2, 1, 1, 0,
1]
T7 => S45 [1, 0, 1, 1, 0, 1, 0, 1, 0, 1, 0, 1, 1, 0, 1, 0]
T1 => S61 [0, 1, 0, 1, 0, 1, 0, 1, 0, 1, 0, 2, 1, 1, 0, 0]
T4 => S66 [1, 0, 1, 1, 0, 0, 1, 1, 1, 0, 0, 2, 1, 1, 0,  1, 1, 0, 1] 

T10 => S125 [1, 1, 0, 1, 0, 0, 2, 0, 1, 0, 0, 3, 0, 2, 0, 0] 


 
 Reachable states from S59 [1, 0, 1, 1, 0, 1, 0, 1, 1, 0, 0, 2, 0, 2, 0,
0] 

T5 => S60 [1, 0, 1, 1, 0, 1, 0, 1, 0, 1, 0, 2, 1, 1, 0, 1] 

T10 => S151 [1, 0, 1, 1, 0, 1, 1, 0, 1, 0, 0, 3, 0, 2, 0, 0] 


 
 Reachable states from S60 [1, 0, 1, 1, 0, 1, 0, 1, 0, 1, 0, 2, 1, 1, 0,
1] 

T7 => S45 [1, 0, 1, 1, 0, 1, 0, 1, 0, 1, 0, 1, 1, 0, 1, 0] 

T1 => S61 [0, 1, 0, 1, 0, 1, 0, 1, 0, 1, 0, 2, 1, 1, 0, 0] 

T4 => S66 [1, 0, 1, 1, 0, 0, 1, 1, 1, 0, 0, 2, 1, 1, 0, 