 p 15 
 t 11 
 Reachable states from S0 [3, 0, 1, 1, 0, 0, 2, 0, 0, 1, 0, 3, 0, 2, 0] 
 T1 => S1 [2, 1, 0, 1, 0, 0, 2, 0, 0, 1, 0, 3, 0, 2, 0] 
 T7 => S157 [3, 0, 1, 1, 0, 0, 2, 0, 0, 1, 0, 2, 0, 1, 1] 
 
 Reachable states from S1 [2, 1, 0, 1, 0, 0, 2, 0, 0, 1, 0, 3, 0, 2, 0] 
 T2 => S2 [2, 0, 1, 0, 1, 0, 2, 0, 0, 1, 0, 3, 0, 2, 0] 
 T7 => S158 [2, 1, 0, 1, 0, 0, 2, 0, 0, 1, 0, 2, 0, 1, 1] 
 T3 => S258 [2, 0, 1, 1, 0, 1, 1, 0, 0, 1, 0, 3, 0, 2, 0] 
 
 Reachable states from S2 [2, 0, 1, 0, 1, 0, 2, 0, 0, 1, 0, 3, 0, 2, 0] 
 T11 => S0 [3, 0, 1, 1, 0, 0, 2, 0, 0, 1, 0, 3, 0, 2, 0] 
 T1 => S3 [1, 1, 0, 0, 1, 0, 2, 0, 0, 1, 0, 3, 0, 2, 0] 
 T7 => S50 [2, 0, 1, 0, 1, 0, 2, 0, 0, 1, 0, 2, 0, 1, 1] 
 
 Reachable states from S3 [1, 1, 0, 0, 1, 0, 2, 0, 0, 1, 0, 3, 0, 2, 0] 
 T11 => S1 [2, 1, 0, 1, 0, 0, 2, 0, 0, 1, 0, 3, 0, 2, 0] 
 T3 => S4 [1, 0, 1, 0, 1, 1, 1, 0, 0, 1, 0, 3, 0, 2, 0] 
 T7 => S51 [1, 1, 0, 0, 1, 0, 2, 0, 0, 1, 0, 2, 0, 1, 1] 
 
 Reachable states from S4 [1, 0, 1, 0, 1, 1, 1, 0, 0, 1, 0, 3, 0, 2, 0] 
 T1 => S5 [0, 1, 0, 0, 1, 1, 1, 0, 0, 1, 0, 3, 0, 2, 0] 
 T7 => S52 [1, 0, 1, 0, 1, 1, 1, 0, 0, 1, 0, 2, 0, 1, 1] 
 T4 => S111 [1, 0, 1, 0, 1, 0, 2, 0, 1, 0, 0, 3, 0, 2, 0] 
 T11 => S258 [2, 0, 1, 1, 0, 1, 1, 0, 0, 1, 0, 3, 0, 2, 0] 
 
 Reachable states from S5 [0, 1, 0, 0, 1, 1, 1, 0, 0, 1, 0, 3, 0, 2, 0] 
 T3 => S6 [0, 0, 1, 0, 1, 2, 0, 0, 0, 1, 0, 3, 0, 2, 0] 
 T7 => S53 [0, 1, 0, 0, 1, 1, 1, 0, 0, 1, 0, 2, 0, 1, 1] 
 T4 => S112 [0, 1, 0, 0, 1, 0, 2, 0, 1, 0, 0, 3, 0, 2, 0] 
 T11 => S127 [1, 1, 0, 1, 0, 1, 1, 0, 0, 1, 0, 3, 0, 2, 0] 
 
 Reachable states from S6 [0, 0, 1, 0, 1, 2, 0, 0, 0, 1, 0, 3, 0, 2, 0] 
 T4 => S7 [0, 0, 1, 0, 1, 1, 1, 0, 1, 0, 0, 3, 0, 2, 0] 
 T7 => S30 [0, 0, 1, 0, 1, 2, 0, 0, 0, 1, 0, 2, 0, 1, 1] 
 T11 => S128 [1, 0, 1, 1, 0, 2, 0, 0, 0, 1, 0, 3, 0, 2, 0] 
 
 Reachable states from S7 [0, 0, 1, 0, 1, 1, 1, 0, 1, 0, 0, 3, 0, 2, 0] 
 T5 => S8 [0, 0, 1, 0, 1, 1, 1, 0, 0, 1, 0, 3, 1, 1, 0] 
 T7 => S18 [0, 0, 1, 0, 1, 1, 1, 0, 1, 0, 0, 2, 0, 1, 1] 
 T11 => S114 [1, 0, 1, 1, 0, 1, 1, 0, 1, 0, 0, 3, 0, 2, 0] 
 
 Reachable states from S8 [0, 0, 1, 0, 1, 1, 1, 0, 0, 1, 0, 3, 1, 1, 0] 
 T6 => S4 [1, 0, 1, 0, 1, 1, 1, 0, 0, 1, 0, 3, 0, 2, 0] 
 T4 => S9 [0, 0, 1, 0, 1, 0, 2, 0, 1, 0, 0, 3, 1, 1, 0] 
 T7 => S14 [0, 0, 1, 0, 1, 1, 1, 0, 0, 1, 0, 2, 1, 0, 1] 
 T11 => S125 [1, 0, 1, 1, 0, 1, 1, 0, 0, 1, 0, 3, 1, 1, 0] 
 
 Reachable states from S9 [0, 0, 1, 0, 1, 0, 2, 0, 1, 0, 0, 3, 1, 1, 0] 
 T5 => S10 [0, 0, 1, 0, 1, 0, 2, 0, 0, 1, 0, 3, 2, 0, 0] 
 T7 => S15 [0, 0, 1, 0, 1, 0, 2, 0, 1, 0, 0, 2, 1, 0, 1] 
 T6 => S111 [1, 0, 1, 0, 1, 0, 2, 0, 1, 0, 0, 3, 0, 2, 0] 
 T11 => S121 [1, 0, 1, 1, 0, 0, 2, 0, 1, 0, 0, 3, 1, 1, 0] 
 
 Reachable states from S10 [0, 0, 1, 0, 1, 0, 2, 0, 0, 1, 0, 3, 2, 0, 0] 
 T6 => S11 [1, 0, 1, 0, 1, 0, 2, 0, 0, 1, 0, 3, 1, 1, 0] 
 T11 => S255 [1, 0, 1, 1, 0, 0, 2, 0, 0, 1, 0, 3, 2, 0, 0] 
 
 Reachable states from S11 [1, 0, 1, 0, 1, 0, 2, 0, 0, 1, 0, 3, 1, 1, 0] 
 T6 => S2 [2, 0, 1, 0, 1, 0, 2, 0, 0, 1, 0, 3, 0, 2, 0] 
 T1 => S12 [0, 1, 0, 0, 1, 0, 2, 0, 0, 1, 0, 3, 1, 1, 0] 
 T7 => S49 [1, 0, 1, 0, 1, 0, 2, 0, 0, 1, 0, 2, 1, 0, 1] 
 T11 => S242 [2, 0, 1, 1, 0, 0, 2, 0, 0, 1, 0, 3, 1, 1, 0] 
 
 Reachable states from S12 [0, 1, 0, 0, 1, 0, 2, 0, 0, 1, 0, 3, 1, 1, 0] 
 T6 => S3 [1, 1, 0, 0, 1, 0, 2, 0, 0, 1, 0, 3, 0, 2, 0] 
 T3 => S8 [0, 0, 1, 0, 1, 1, 1, 0, 0, 1, 0, 3, 1, 1, 0] 
 T7 => S13 [0, 1, 0, 0, 1, 0, 2, 0, 0, 1, 0, 2, 1, 0, 1] 
 T11 => S124 [1, 1, 0, 1, 0, 0, 2, 0, 0, 1, 0, 3, 1, 1, 0] 
 
 Reachable states from S13 [0, 1, 0, 0, 1, 0, 2, 0, 0, 1, 0, 2, 1, 0, 1] 
 T3 => S14 [0, 0, 1, 0, 1, 1, 1, 0, 0, 1, 0, 2, 1, 0, 1] 
 T11 => S48 [1, 1, 0, 1, 0, 0, 2, 0, 0, 1, 0, 2, 1, 0, 1] 
 T6 => S51 [1, 1, 0, 0, 1, 0, 2, 0, 0, 1, 0, 2, 0, 1, 1] 
 T8 => S246 [0, 1, 0, 0, 1, 0, 2, 0, 0, 0, 1, 2, 1, 1, 0] 
 
 Reachable states from S14 [0, 0, 1, 0, 1, 1, 1, 0, 0, 1, 0, 2, 1, 0, 1] 
 T4 => S15 [0, 0, 1, 0, 1, 0, 2, 0, 1, 0, 0, 2, 1, 0, 1] 
 T6 => S52 [1, 0, 1, 0, 1, 1, 1, 0, 0, 1, 0, 2, 0, 1, 1] 
 T8 => S247 [0, 0, 1, 0, 1, 1, 1, 0, 0, 0, 1, 2, 1, 1, 0] 
 T11 => S260 [1, 0, 1, 1, 0, 1, 1, 0, 0, 1, 0, 2, 1, 0, 1] 
 
 Reachable states from S15 [0, 0, 1, 0, 1, 0, 2, 0, 1, 0, 0, 2, 1, 0, 1] 
 T6 => S16 [1, 0, 1, 0, 1, 0, 2, 0, 1, 0, 0, 2, 0, 1, 1] 
 T11 => S154 [1, 0, 1, 1, 0, 0, 2, 0, 1, 0, 0, 2, 1, 0, 1] 
 
 Reachable states from S16 [1, 0, 1, 0, 1, 0, 2, 0, 1, 0, 0, 2, 0, 1, 1] 
 T1 => S17 [0, 1, 0, 0, 1, 0, 2, 0, 1, 0, 0, 2, 0, 1, 1] 
 T5 => S49 [1, 0, 1, 0, 1, 0, 2, 0, 0, 1, 0, 2, 1, 0, 1] 
 T7 => S57 [1, 0, 1, 0, 1, 0, 2, 0, 1, 0, 0, 1, 0, 0, 2] 
 T11 => S155 [2, 0, 1, 1, 0, 0, 2, 0, 1, 0, 0, 2, 0, 1, 1] 
 
 Reachable states from S17 [0, 1, 0, 0, 1, 0, 2, 0, 1, 0, 0, 2, 0, 1, 1] 
 T5 => S13 [0, 1, 0, 0, 1, 0, 2, 0, 0, 1, 0, 2, 1, 0, 1] 
 T3 => S18 [0, 0, 1, 0, 1, 1, 1, 0, 1, 0, 0, 2, 0, 1, 1] 
 T11 => S47 [1, 1, 0, 1, 0, 0, 2, 0, 1, 0, 0, 2, 0, 1, 1] 
 T7 => S55 [0, 1, 0, 0, 1, 0, 2, 0, 1, 0, 0, 1, 0, 0, 2] 
 
 Reachable states from S18 [0, 0, 1, 0, 1, 1, 1, 0, 1, 0, 0, 2, 0, 1, 1] 
 T5 => S14 [0, 0, 1, 0, 1, 1, 1, 0, 0, 1, 0, 2, 1, 0, 1] 
 T7 => S19 [0, 0, 1, 0, 1, 1, 1, 0, 1, 0, 0, 1, 0, 0, 2] 
 T11 => S23 [1, 0, 1, 1, 0, 1, 1, 0, 1, 0, 0, 2, 0, 1, 1] 
 
 Reachable states from S19 [0, 0, 1, 0, 1, 1, 1, 0, 1, 0, 0, 1, 0, 0, 2] 
 T11 => S20 [1, 0, 1, 1, 0, 1, 1, 0, 1, 0, 0, 1, 0, 0, 2] 
 
 Reachable states from S20 [1, 0, 1, 1, 0, 1, 1, 0, 1, 0, 0, 1, 0, 0, 2] 
 T1 => S21 [0, 1, 0, 1, 0, 1, 1, 0, 1, 0, 0, 1, 0, 0, 2] 
 
 Reachable states from S21 [0, 1, 0, 1, 0, 1, 1, 0, 1, 0, 0, 1, 0, 0, 2] 
 T2 => S19 [0, 0, 1, 0, 1, 1, 1, 0, 1, 0, 0, 1, 0, 0, 2] 
 T3 => S22 [0, 0, 1, 1, 0, 2, 0, 0, 1, 0, 0, 1, 0, 0, 2] 
 Deadlock on S22 [0, 0, 1, 1, 0, 2, 0, 0, 1, 0, 0, 1, 0, 0, 2] 
 
 Reachable states from S23 [1, 0, 1, 1, 0, 1, 1, 0, 1, 0, 0, 2, 0, 1, 1] 
 T7 => S20 [1, 0, 1, 1, 0, 1, 1, 0, 1, 0, 0, 1, 0, 0, 2] 
 T1 => S24 [0, 1, 0, 1, 0, 1, 1, 0, 1, 0, 0, 2, 0, 1, 1] 
 T5 => S260 [1, 0, 1, 1, 0, 1, 1, 0, 0, 1, 0, 2, 1, 0, 1] 
 
 Reachable states from S24 [0, 1, 0, 1, 0, 1, 1, 0, 1, 0, 0, 2, 0, 1, 1] 
 T2 => S18 [0, 0, 1, 0, 1, 1, 1, 0, 1, 0, 0, 2, 0, 1, 1] 
 T7 => S21 [0, 1, 0, 1, 0, 1, 1, 0, 1, 0, 0, 1, 0, 0, 2] 
 T3 => S25 [0, 0, 1, 1, 0, 2, 0, 0, 1, 0, 0, 2, 0, 1, 1] 
 T5 => S45 [0, 1, 0, 1, 0, 1, 1, 0, 0, 1, 0, 2, 1, 0, 1] 
 
 Reachable states from S25 [0, 0, 1, 1, 0, 2, 0, 0, 1, 0, 0, 2, 0, 1, 1] 
 T7 => S22 [0, 0, 1, 1, 0, 2, 0, 0, 1, 0, 0, 1, 0, 0, 2] 
 T5 => S26 [0, 0, 1, 1, 0, 2, 0, 0, 0, 1, 0, 2, 1, 0, 1] 
 
 Reachable states from S26 [0, 0, 1, 1, 0, 2, 0, 0, 0, 1, 0, 2, 1, 0, 1] 
 T4 => S27 [0, 0, 1, 1, 0, 1, 1, 0, 1, 0, 0, 2, 1, 0, 1] 
 T6 => S28 [1, 0, 1, 1, 0, 2, 0, 0, 0, 1, 0, 2, 0, 1, 1] 
 T8 => S43 [0, 0, 1, 1, 0, 2, 0, 0, 0, 0, 1, 2, 1, 1, 0] 
 
 Reachable states from S27 [0, 0, 1, 1, 0, 1, 1, 0, 1, 0, 0, 2, 1, 0, 1] 
 T6 => S23 [1, 0, 1, 1, 0, 1, 1, 0, 1, 0, 0, 2, 0, 1, 1] 
 
 Reachable states from S28 [1, 0, 1, 1, 0, 2, 0, 0, 0, 1, 0, 2, 0, 1, 1] 
 T4 => S23 [1, 0, 1, 1, 0, 1, 1, 0, 1, 0, 0, 2, 0, 1, 1] 
 T1 => S29 [0, 1, 0, 1, 0, 2, 0, 0, 0, 1, 0, 2, 0, 1, 1] 
 T7 => S38 [1, 0, 1, 1, 0, 2, 0, 0, 0, 1, 0, 1, 0, 0, 2] 
 T8 => S41 [1, 0, 1, 1, 0, 2, 0, 0, 0, 0, 1, 2, 0, 2, 0] 
 
 Reachable states from S29 [0, 1, 0, 1, 0, 2, 0, 0, 0, 1, 0, 2, 0, 1, 1] 
 T4 => S24 [0, 1, 0, 1, 0, 1, 1, 0, 1, 0, 0, 2, 0, 1, 1] 
 T2 => S30 [0, 0, 1, 0, 1, 2, 0, 0, 0, 1, 0, 2, 0, 1, 1] 
 T7 => S39 [0, 1, 0, 1, 0, 2, 0, 0, 0, 1, 0, 1, 0, 0, 2] 
 T8 => S42 [0, 1, 0, 1, 0, 2, 0, 0, 0, 0, 1, 2, 0, 2, 0] 
 
 Reachable states from S30 [0, 0, 1, 0, 1, 2, 0, 0, 0, 1, 0, 2, 0, 1, 1] 
 T4 => S18 [0, 0, 1, 0, 1, 1, 1, 0, 1, 0, 0, 2, 0, 1, 1] 
 T11 => S28 [1, 0, 1, 1, 0, 2, 0, 0, 0, 1, 0, 2, 0, 1, 1] 
 T7 => S31 [0, 0, 1, 0, 1, 2, 0, 0, 0, 1, 0, 1, 0, 0, 2] 
 T8 => S40 [0, 0, 1, 0, 1, 2, 0, 0, 0, 0, 1, 2, 0, 2, 0] 
 
 Reachable states from S31 [0, 0, 1, 0, 1, 2, 0, 0, 0, 1, 0, 1, 0, 0, 2] 
 T4 => S19 [0, 0, 1, 0, 1, 1, 1, 0, 1, 0, 0, 1, 0, 0, 2] 
 T8 => S32 [0, 0, 1, 0, 1, 2, 0, 0, 0, 0, 1, 1, 0, 1, 1] 
 T11 => S38 [1, 0, 1, 1, 0, 2, 0, 0, 0, 1, 0, 1, 0, 0, 2] 
 
 Reachable states from S32 [0, 0, 1, 0, 1, 2, 0, 0, 0, 0, 1, 1, 0, 1, 1] 
 T7 => S33 [0, 0, 1, 0, 1, 2, 0, 0, 0, 0, 1, 0, 0, 0, 2] 
 T11 => S36 [1, 0, 1, 1, 0, 2, 0, 0, 0, 0, 1, 1, 0, 1, 1] 
 
 Reachable states from S33 [0, 0, 1, 0, 1, 2, 0, 0, 0, 0, 1, 0, 0, 0, 2] 
 T11 => S34 [1, 0, 1, 1, 0, 2, 0, 0, 0, 0, 1, 0, 0, 0, 2] 
 
 Reachable states from S34 [1, 0, 1, 1, 0, 2, 0, 0, 0, 0, 1, 0, 0, 0, 2] 
 T1 => S35 [0, 1, 0, 1, 0, 2, 0, 0, 0, 0, 1, 0, 0, 0, 2] 
 
 Reachable states from S35 [0, 1, 0, 1, 0, 2, 0, 0, 0, 0, 1, 0, 0, 0, 2] 
 T2 => S33 [0, 0, 1, 0, 1, 2, 0, 0, 0, 0, 1, 0, 0, 0, 2] 
 
 Reachable states from S36 [1, 0, 1, 1, 0, 2, 0, 0, 0, 0, 1, 1, 0, 1, 1] 
 T7 => S34 [1, 0, 1, 1, 0, 2, 0, 0, 0, 0, 1, 0, 0, 0, 2] 
 T1 => S37 [0, 1, 0, 1, 0, 2, 0, 0, 0, 0, 1, 1, 0, 1, 1] 
 
 Reachable states from S37 [0, 1, 0, 1, 0, 2, 0, 0, 0, 0, 1, 1, 0, 1, 1] 
 T2 => S32 [0, 0, 1, 0, 1, 2, 0, 0, 0, 0, 1, 1, 0, 1, 1] 
 T7 => S35 [0, 1, 0, 1, 0, 2, 0, 0, 0, 0, 1, 0, 0, 0, 2] 
 
 Reachable states from S38 [1, 0, 1, 1, 0, 2, 0, 0, 0, 1, 0, 1, 0, 0, 2] 
 T4 => S20 [1, 0, 1, 1, 0, 1, 1, 0, 1, 0, 0, 1, 0, 0, 2] 
 T8 => S36 [1, 0, 1, 1, 0, 2, 0, 0, 0, 0, 1, 1, 0, 1, 1] 
 T1 => S39 [0, 1, 0, 1, 0, 2, 0, 0, 0, 1, 0, 1, 0, 0, 2] 
 
 Reachable states from S39 [0, 1, 0, 1, 0, 2, 0, 0, 0, 1, 0, 1, 0, 0, 2] 
 T4 => S21 [0, 1, 0, 1, 0, 1, 1, 0, 1, 0, 0, 1, 0, 0, 2] 
 T2 => S31 [0, 0, 1, 0, 1, 2, 0, 0, 0, 1, 0, 1, 0, 0, 2] 
 T8 => S37 [0, 1, 0, 1, 0, 2, 0, 0, 0, 0, 1, 1, 0, 1, 1] 
 
 Reachable states from S40 [0, 0, 1, 0, 1, 2, 0, 0, 0, 0, 1, 2, 0, 2, 0] 
 T7 => S32 [0, 0, 1, 0, 1, 2, 0, 0, 0, 0, 1, 1, 0, 1, 1] 
 T11 => S41 [1, 0, 1, 1, 0, 2, 0, 0, 0, 0, 1, 2, 0, 2, 0] 
 
 Reachable states from S41 [1, 0, 1, 1, 0, 2, 0, 0, 0, 0, 1, 2, 0, 2, 0] 
 T7 => S36 [1, 0, 1, 1, 0, 2, 0, 0, 0, 0, 1, 1, 0, 1, 1] 
 T1 => S42 [0, 1, 0, 1, 0, 2, 0, 0, 0, 0, 1, 2, 0, 2, 0] 
 
 Reachable states from S42 [0, 1, 0, 1, 0, 2, 0, 0, 0, 0, 1, 2, 0, 2, 0] 
 T7 => S37 [0, 1, 0, 1, 0, 2, 0, 0, 0, 0, 1, 1, 0, 1, 1] 
 T2 => S40 [0, 0, 1, 0, 1, 2, 0, 0, 0, 0, 1, 2, 0, 2, 0] 
 
 Reachable states from S43 [0, 0, 1, 1, 0, 2, 0, 0, 0, 0, 1, 2, 1, 1, 0] 
 T6 => S41 [1, 0, 1, 1, 0, 2, 0, 0, 0, 0, 1, 2, 0, 2, 0] 
 T7 => S44 [0, 0, 1, 1, 0, 2, 0, 0, 0, 0, 1, 1, 1, 0, 1] 
 
 Reachable states from S44 [0, 0, 1, 1, 0, 2, 0, 0, 0, 0, 1, 1, 1, 0, 1] 
 T6 => S36 [1, 0, 1, 1, 0, 2, 0, 0, 0, 0, 1, 1, 0, 1, 1] 
 
 Reachable states from S45 [0, 1, 0, 1, 0, 1, 1, 0, 0, 1, 0, 2, 1, 0, 1] 
 T2 => S14 [0, 0, 1, 0, 1, 1, 1, 0, 0, 1, 0, 2, 1, 0, 1] 
 T3 => S26 [0, 0, 1, 1, 0, 2, 0, 0, 0, 1, 0, 2, 1, 0, 1] 
 T4 => S46 [0, 1, 0, 1, 0, 0, 2, 0, 1, 0, 0, 2, 1, 0, 1] 
 T6 => S130 [1, 1, 0, 1, 0, 1, 1, 0, 0, 1, 0, 2, 0, 1, 1] 
 T8 => S249 [0, 1, 0, 1, 0, 1, 1, 0, 0, 0, 1, 2, 1, 1, 0] 
 
 Reachable states from S46 [0, 1, 0, 1, 0, 0, 2, 0, 1, 0, 0, 2, 1, 0, 1] 
 T2 => S15 [0, 0, 1, 0, 1, 0, 2, 0, 1, 0, 0, 2, 1, 0, 1] 
 T3 => S27 [0, 0, 1, 1, 0, 1, 1, 0, 1, 0, 0, 2, 1, 0, 1] 
 T6 => S47 [1, 1, 0, 1, 0, 0, 2, 0, 1, 0, 0, 2, 0, 1, 1] 
 
 Reachable states from S47 [1, 1, 0, 1, 0, 0, 2, 0, 1, 0, 0, 2, 0, 1, 1] 
 T2 => S16 [1, 0, 1, 0, 1, 0, 2, 0, 1, 0, 0, 2, 0, 1, 1] 
 T3 => S23 [1, 0, 1, 1, 0, 1, 1, 0, 1, 0, 0, 2, 0, 1, 1] 
 T5 => S48 [1, 1, 0, 1, 0, 0, 2, 0, 0, 1, 0, 2, 1, 0, 1] 
 T7 => S56 [1, 1, 0, 1, 0, 0, 2, 0, 1, 0, 0, 1, 0, 0, 2] 
 
 Reachable states from S48 [1, 1, 0, 1, 0, 0, 2, 0, 0, 1, 0, 2, 1, 0, 1] 
 T2 => S49 [1, 0, 1, 0, 1, 0, 2, 0, 0, 1, 0, 2, 1, 0, 1] 
 T6 => S158 [2, 1, 0, 1, 0, 0, 2, 0, 0, 1, 0, 2, 0, 1, 1] 
 T8 => S244 [1, 1, 0, 1, 0, 0, 2, 0, 0, 0, 1, 2, 1, 1, 0] 
 T3 => S260 [1, 0, 1, 1, 0, 1, 1, 0, 0, 1, 0, 2, 1, 0, 1] 
 
 Reachable states from S49 [1, 0, 1, 0, 1, 0, 2, 0, 0, 1, 0, 2, 1, 0, 1] 
 T1 => S13 [0, 1, 0, 0, 1, 0, 2, 0, 0, 1, 0, 2, 1, 0, 1] 
 T6 => S50 [2, 0, 1, 0, 1, 0, 2, 0, 0, 1, 0, 2, 0, 1, 1] 
 T11 => S156 [2, 0, 1, 1, 0, 0, 2, 0, 0, 1, 0, 2, 1, 0, 1] 
 T8 => S245 [1, 0, 1, 0, 1, 0, 2, 0, 0, 0, 1, 2, 1, 1, 0] 
 
 Reachable states from S50 [2, 0, 1, 0, 1, 0, 2, 0, 0, 1, 0, 2, 0, 1, 1] 
 T1 => S51 [1, 1, 0, 0, 1, 0, 2, 0, 0, 1, 0, 2, 0, 1, 1] 
 T11 => S157 [3, 0, 1, 1, 0, 0, 2, 0, 0, 1, 0, 2, 0, 1, 1] 
 T7 => S161 [2, 0, 1, 0, 1, 0, 2, 0, 0, 1, 0, 1, 0, 0, 2] 
 T8 => S252 [2, 0, 1, 0, 1, 0, 2, 0, 0, 0, 1, 2, 0, 2, 0] 
 
 Reachable states from S51 [1, 1, 0, 0, 1, 0, 2, 0, 0, 1, 0, 2, 0, 1, 1] 
 T3 => S52 [1, 0, 1, 0, 1, 1, 1, 0, 0, 1, 0, 2, 0, 1, 1] 
 T11 => S158 [2, 1, 0, 1, 0, 0, 2, 0, 0, 1, 0, 2, 0, 1, 1] 
 T7 => S162 [1, 1, 0, 0, 1, 0, 2, 0, 0, 1, 0, 1, 0, 0, 2] 
 T8 => S250 [1, 1, 0, 0, 1, 0, 2, 0, 0, 0, 1, 2, 0, 2, 0] 
 
 Reachable states from S52 [1, 0, 1, 0, 1, 1, 1, 0, 0, 1, 0, 2, 0, 1, 1] 
 T4 => S16 [1, 0, 1, 0, 1, 0, 2, 0, 1, 0, 0, 2, 0, 1, 1] 
 T1 => S53 [0, 1, 0, 0, 1, 1, 1, 0, 0, 1, 0, 2, 0, 1, 1] 
 T7 => S75 [1, 0, 1, 0, 1, 1, 1, 0, 0, 1, 0, 1, 0, 0, 2] 
 T8 => S132 [1, 0, 1, 0, 1, 1, 1, 0, 0, 0, 1, 2, 0, 2, 0] 
 T11 => S159 [2, 0, 1, 1, 0, 1, 1, 0, 0, 1, 0, 2, 0, 1, 1] 
 
 Reachable states from S53 [0, 1, 0, 0, 1, 1, 1, 0, 0, 1, 0, 2, 0, 1, 1] 
 T4 => S17 [0, 1, 0, 0, 1, 0, 2, 0, 1, 0, 0, 2, 0, 1, 1] 
 T3 => S30 [0, 0, 1, 0, 1, 2, 0, 0, 0, 1, 0, 2, 0, 1, 1] 
 T7 => S54 [0, 1, 0, 0, 1, 1, 1, 0, 0, 1, 0, 1, 0, 0, 2] 
 T8 => S99 [0, 1, 0, 0, 1, 1, 1, 0, 0, 0, 1, 2, 0, 2, 0] 
 T11 => S130 [1, 1, 0, 1, 0, 1, 1, 0, 0, 1, 0, 2, 0, 1, 1] 
 
 Reachable states from S54 [0, 1, 0, 0, 1, 1, 1, 0, 0, 1, 0, 1, 0, 0, 2] 
 T3 => S31 [0, 0, 1, 0, 1, 2, 0, 0, 0, 1, 0, 1, 0, 0, 2] 
 T4 => S55 [0, 1, 0, 0, 1, 0, 2, 0, 1, 0, 0, 1, 0, 0, 2] 
 T8 => S59 [0, 1, 0, 0, 1, 1, 1, 0, 0, 0, 1, 1, 0, 1, 1] 
 T11 => S77 [1, 1, 0, 1, 0, 1, 1, 0, 0, 1, 0, 1, 0, 0, 2] 
 
 Reachable states from S55 [0, 1, 0, 0, 1, 0, 2, 0, 1, 0, 0, 1, 0, 0, 2] 
 T3 => S19 [0, 0, 1, 0, 1, 1, 1, 0, 1, 0, 0, 1, 0, 0, 2] 
 T11 => S56 [1, 1, 0, 1, 0, 0, 2, 0, 1, 0, 0, 1, 0, 0, 2] 
 
 Reachable states from S56 [1, 1, 0, 1, 0, 0, 2, 0, 1, 0, 0, 1, 0, 0, 2] 
 T3 => S20 [1, 0, 1, 1, 0, 1, 1, 0, 1, 0, 0, 1, 0, 0, 2] 
 T2 => S57 [1, 0, 1, 0, 1, 0, 2, 0, 1, 0, 0, 1, 0, 0, 2] 
 
 Reachable states from S57 [1, 0, 1, 0, 1, 0, 2, 0, 1, 0, 0, 1, 0, 0, 2] 
 T1 => S55 [0, 1, 0, 0, 1, 0, 2, 0, 1, 0, 0, 1, 0, 0, 2] 
 T11 => S58 [2, 0, 1, 1, 0, 0, 2, 0, 1, 0, 0, 1, 0, 0, 2] 
 
 Reachable states from S58 [2, 0, 1, 1, 0, 0, 2, 0, 1, 0, 0, 1, 0, 0, 2] 
 T1 => S56 [1, 1, 0, 1, 0, 0, 2, 0, 1, 0, 0, 1, 0, 0, 2] 
 
 Reachable states from S59 [0, 1, 0, 0, 1, 1, 1, 0, 0, 0, 1, 1, 0, 1, 1] 
 T3 => S32 [0, 0, 1, 0, 1, 2, 0, 0, 0, 0, 1, 1, 0, 1, 1] 
 T7 => S60 [0, 1, 0, 0, 1, 1, 1, 0, 0, 0, 1, 0, 0, 0, 2] 
 T11 => S78 [1, 1, 0, 1, 0, 1, 1, 0, 0, 0, 1, 1, 0, 1, 1] 
 T9 => S83 [0, 1, 0, 0, 1, 1, 0, 1, 0, 1, 0, 1, 0, 1, 1] 
 
 Reachable states from S60 [0, 1, 0, 0, 1, 1, 1, 0, 0, 0, 1, 0, 0, 0, 2] 
 T3 => S33 [0, 0, 1, 0, 1, 2, 0, 0, 0, 0, 1, 0, 0, 0, 2] 
 T9 => S61 [0, 1, 0, 0, 1, 1, 0, 1, 0, 1, 0, 0, 0, 0, 2] 
 T11 => S79 [1, 1, 0, 1, 0, 1, 1, 0, 0, 0, 1, 0, 0, 0, 2] 
 
 Reachable states from S61 [0, 1, 0, 0, 1, 1, 0, 1, 0, 1, 0, 0, 0, 0, 2] 
 T10 => S54 [0, 1, 0, 0, 1, 1, 1, 0, 0, 1, 0, 1, 0, 0, 2] 
 T4 => S62 [0, 1, 0, 0, 1, 0, 1, 1, 1, 0, 0, 0, 0, 0, 2] 
 T8 => S69 [0, 1, 0, 0, 1, 1, 0, 1, 0, 0, 1, 0, 0, 1, 1] 
 T11 => S80 [1, 1, 0, 1, 0, 1, 0, 1, 0, 1, 0, 0, 0, 0, 2] 
 
 Reachable states from S62 [0, 1, 0, 0, 1, 0, 1, 1, 1, 0, 0, 0, 0, 0, 2] 
 T10 => S55 [0, 1, 0, 0, 1, 0, 2, 0, 1, 0, 0, 1, 0, 0, 2] 
 T3 => S63 [0, 0, 1, 0, 1, 1, 0, 1, 1, 0, 0, 0, 0, 0, 2] 
 T11 => S66 [1, 1, 0, 1, 0, 0, 1, 1, 1, 0, 0, 0, 0, 0, 2] 
 
 Reachable states from S63 [0, 0, 1, 0, 1, 1, 0, 1, 1, 0, 0, 0, 0, 0, 2] 
 T10 => S19 [0, 0, 1, 0, 1, 1, 1, 0, 1, 0, 0, 1, 0, 0, 2] 
 T11 => S64 [1, 0, 1, 1, 0, 1, 0, 1, 1, 0, 0, 0, 0, 0, 2] 
 
 Reachable states from S64 [1, 0, 1, 1, 0, 1, 0, 1, 1, 0, 0, 0, 0, 0, 2] 
 T10 => S20 [1, 0, 1, 1, 0, 1, 1, 0, 1, 0, 0, 1, 0, 0, 2] 
 T1 => S65 [0, 1, 0, 1, 0, 1, 0, 1, 1, 0, 0, 0, 0, 0, 2] 
 
 Reachable states from S65 [0, 1, 0, 1, 0, 1, 0, 1, 1, 0, 0, 0, 0, 0, 2] 
 T10 => S21 [0, 1, 0, 1, 0, 1, 1, 0, 1, 0, 0, 1, 0, 0, 2] 
 T2 => S63 [0, 0, 1, 0, 1, 1, 0, 1, 1, 0, 0, 0, 0, 0, 2] 
 
 Reachable states from S66 [1, 1, 0, 1, 0, 0, 1, 1, 1, 0, 0, 0, 0, 0, 2] 
 T10 => S56 [1, 1, 0, 1, 0, 0, 2, 0, 1, 0, 0, 1, 0, 0, 2] 
 T3 => S64 [1, 0, 1, 1, 0, 1, 0, 1, 1, 0, 0, 0, 0, 0, 2] 
 T2 => S67 [1, 0, 1, 0, 1, 0, 1, 1, 1, 0, 0, 0, 0, 0, 2] 
 
 Reachable states from S67 [1, 0, 1, 0, 1, 0, 1, 1, 1, 0, 0, 0, 0, 0, 2] 
 T10 => S57 [1, 0, 1, 0, 1, 0, 2, 0, 1, 0, 0, 1, 0, 0, 2] 
 T1 => S62 [0, 1, 0, 0, 1, 0, 1, 1, 1, 0, 0, 0, 0, 0, 2] 
 T11 => S68 [2, 0, 1, 1, 0, 0, 1, 1, 1, 0, 0, 0, 0, 0, 2] 
 
 Reachable states from S68 [2, 0, 1, 1, 0, 0, 1, 1, 1, 0, 0, 0, 0, 0, 2] 
 T10 => S58 [2, 0, 1, 1, 0, 0, 2, 0, 1, 0, 0, 1, 0, 0, 2] 
 T1 => S66 [1, 1, 0, 1, 0, 0, 1, 1, 1, 0, 0, 0, 0, 0, 2] 
 
 Reachable states from S69 [0, 1, 0, 0, 1, 1, 0, 1, 0, 0, 1, 0, 0, 1, 1] 
 T10 => S59 [0, 1, 0, 0, 1, 1, 1, 0, 0, 0, 1, 1, 0, 1, 1] 
 T11 => S70 [1, 1, 0, 1, 0, 1, 0, 1, 0, 0, 1, 0, 0, 1, 1] 
 
 Reachable states from S70 [1, 1, 0, 1, 0, 1, 0, 1, 0, 0, 1, 0, 0, 1, 1] 
 T2 => S71 [1, 0, 1, 0, 1, 1, 0, 1, 0, 0, 1, 0, 0, 1, 1] 
 T10 => S78 [1, 1, 0, 1, 0, 1, 1, 0, 0, 0, 1, 1, 0, 1, 1] 
 
 Reachable states from S71 [1, 0, 1, 0, 1, 1, 0, 1, 0, 0, 1, 0, 0, 1, 1] 
 T1 => S69 [0, 1, 0, 0, 1, 1, 0, 1, 0, 0, 1, 0, 0, 1, 1] 
 T10 => S72 [1, 0, 1, 0, 1, 1, 1, 0, 0, 0, 1, 1, 0, 1, 1] 
 T11 => S137 [2, 0, 1, 1, 0, 1, 0, 1, 0, 0, 1, 0, 0, 1, 1] 
 
 Reachable states from S72 [1, 0, 1, 0, 1, 1, 1, 0, 0, 0, 1, 1, 0, 1, 1] 
 T1 => S59 [0, 1, 0, 0, 1, 1, 1, 0, 0, 0, 1, 1, 0, 1, 1] 
 T7 => S73 [1, 0, 1, 0, 1, 1, 1, 0, 0, 0, 1, 0, 0, 0, 2] 
 T9 => S82 [1, 0, 1, 0, 1, 1, 0, 1, 0, 1, 0, 1, 0, 1, 1] 
 T11 => S134 [2, 0, 1, 1, 0, 1, 1, 0, 0, 0, 1, 1, 0, 1, 1] 
 
 Reachable states from S73 [1, 0, 1, 0, 1, 1, 1, 0, 0, 0, 1, 0, 0, 0, 2] 
 T1 => S60 [0, 1, 0, 0, 1, 1, 1, 0, 0, 0, 1, 0, 0, 0, 2] 
 T9 => S74 [1, 0, 1, 0, 1, 1, 0, 1, 0, 1, 0, 0, 0, 0, 2] 
 T11 => S135 [2, 0, 1, 1, 0, 1, 1, 0, 0, 0, 1, 0, 0, 0, 2] 
 
 Reachable states from S74 [1, 0, 1, 0, 1, 1, 0, 1, 0, 1, 0, 0, 0, 0, 2] 
 T1 => S61 [0, 1, 0, 0, 1, 1, 0, 1, 0, 1, 0, 0, 0, 0, 2] 
 T4 => S67 [1, 0, 1, 0, 1, 0, 1, 1, 1, 0, 0, 0, 0, 0, 2] 
 T8 => S71 [1, 0, 1, 0, 1, 1, 0, 1, 0, 0, 1, 0, 0, 1, 1] 
 T10 => S75 [1, 0, 1, 0, 1, 1, 1, 0, 0, 1, 0, 1, 0, 0, 2] 
 T11 => S136 [2, 0, 1, 1, 0, 1, 0, 1, 0, 1, 0, 0, 0, 0, 2] 
 
 Reachable states from S75 [1, 0, 1, 0, 1, 1, 1, 0, 0, 1, 0, 1, 0, 0, 2] 
 T1 => S54 [0, 1, 0, 0, 1, 1, 1, 0, 0, 1, 0, 1, 0, 0, 2] 
 T4 => S57 [1, 0, 1, 0, 1, 0, 2, 0, 1, 0, 0, 1, 0, 0, 2] 
 T8 => S72 [1, 0, 1, 0, 1, 1, 1, 0, 0, 0, 1, 1, 0, 1, 1] 
 T11 => S76 [2, 0, 1, 1, 0, 1, 1, 0, 0, 1, 0, 1, 0, 0, 2] 
 
 Reachable states from S76 [2, 0, 1, 1, 0, 1, 1, 0, 0, 1, 0, 1, 0, 0, 2] 
 T4 => S58 [2, 0, 1, 1, 0, 0, 2, 0, 1, 0, 0, 1, 0, 0, 2] 
 T1 => S77 [1, 1, 0, 1, 0, 1, 1, 0, 0, 1, 0, 1, 0, 0, 2] 
 T8 => S134 [2, 0, 1, 1, 0, 1, 1, 0, 0, 0, 1, 1, 0, 1, 1] 
 
 Reachable states from S77 [1, 1, 0, 1, 0, 1, 1, 0, 0, 1, 0, 1, 0, 0, 2] 
 T3 => S38 [1, 0, 1, 1, 0, 2, 0, 0, 0, 1, 0, 1, 0, 0, 2] 
 T4 => S56 [1, 1, 0, 1, 0, 0, 2, 0, 1, 0, 0, 1, 0, 0, 2] 
 T2 => S75 [1, 0, 1, 0, 1, 1, 1, 0, 0, 1, 0, 1, 0, 0, 2] 
 T8 => S78 [1, 1, 0, 1, 0, 1, 1, 0, 0, 0, 1, 1, 0, 1, 1] 
 
 Reachable states from S78 [1, 1, 0, 1, 0, 1, 1, 0, 0, 0, 1, 1, 0, 1, 1] 
 T3 => S36 [1, 0, 1, 1, 0, 2, 0, 0, 0, 0, 1, 1, 0, 1, 1] 
 T2 => S72 [1, 0, 1, 0, 1, 1, 1, 0, 0, 0, 1, 1, 0, 1, 1] 
 T7 => S79 [1, 1, 0, 1, 0, 1, 1, 0, 0, 0, 1, 0, 0, 0, 2] 
 T9 => S81 [1, 1, 0, 1, 0, 1, 0, 1, 0, 1, 0, 1, 0, 1, 1] 
 
 Reachable states from S79 [1, 1, 0, 1, 0, 1, 1, 0, 0, 0, 1, 0, 0, 0, 2] 
 T3 => S34 [1, 0, 1, 1, 0, 2, 0, 0, 0, 0, 1, 0, 0, 0, 2] 
 T2 => S73 [1, 0, 1, 0, 1, 1, 1, 0, 0, 0, 1, 0, 0, 0, 2] 
 T9 => S80 [1, 1, 0, 1, 0, 1, 0, 1, 0, 1, 0, 0, 0, 0, 2] 
 
 Reachable states from S80 [1, 1, 0, 1, 0, 1, 0, 1, 0, 1, 0, 0, 0, 0, 2] 
 T4 => S66 [1, 1, 0, 1, 0, 0, 1, 1, 1, 0, 0, 0, 0, 0, 2] 
 T8 => S70 [1, 1, 0, 1, 0, 1, 0, 1, 0, 0, 1, 0, 0, 1, 1] 
 T2 => S74 [1, 0, 1, 0, 1, 1, 0, 1, 0, 1, 0, 0, 0, 0, 2] 
 T10 => S77 [1, 1, 0, 1, 0, 1, 1, 0, 0, 1, 0, 1, 0, 0, 2] 
 
 Reachable states from S81 [1, 1, 0, 1, 0, 1, 0, 1, 0, 1, 0, 1, 0, 1, 1] 
 T7 => S80 [1, 1, 0, 1, 0, 1, 0, 1, 0, 1, 0, 0, 0, 0, 2] 
 T2 => S82 [1, 0, 1, 0, 1, 1, 0, 1, 0, 1, 0, 1, 0, 1, 1] 
 T10 => S130 [1, 1, 0, 1, 0, 1, 1, 0, 0, 1, 0, 2, 0, 1, 1] 
 T4 => S140 [1, 1, 0, 1, 0, 0, 1, 1, 1, 0, 0, 1, 0, 1, 1] 
 T8 => S179 [1, 1, 0, 1, 0, 1, 0, 1, 0, 0, 1, 1, 0, 2, 0] 
 
 Reachable states from S82 [1, 0, 1, 0, 1, 1, 0, 1, 0, 1, 0, 1, 0, 1, 1] 
 T10 => S52 [1, 0, 1, 0, 1, 1, 1, 0, 0, 1, 0, 2, 0, 1, 1] 
 T7 => S74 [1, 0, 1, 0, 1, 1, 0, 1, 0, 1, 0, 0, 0, 0, 2] 
 T1 => S83 [0, 1, 0, 0, 1, 1, 0, 1, 0, 1, 0, 1, 0, 1, 1] 
 T4 => S88 [1, 0, 1, 0, 1, 0, 1, 1, 1, 0, 0, 1, 0, 1, 1] 
 T8 => S97 [1, 0, 1, 0, 1, 1, 0, 1, 0, 0, 1, 1, 0, 2, 0] 
 T11 => S138 [2, 0, 1, 1, 0, 1, 0, 1, 0, 1, 0, 1, 0, 1, 1] 
 
 Reachable states from S83 [0, 1, 0, 0, 1, 1, 0, 1, 0, 1, 0, 1, 0, 1, 1] 
 T10 => S53 [0, 1, 0, 0, 1, 1, 1, 0, 0, 1, 0, 2, 0, 1, 1] 
 T7 => S61 [0, 1, 0, 0, 1, 1, 0, 1, 0, 1, 0, 0, 0, 0, 2] 
 T11 => S81 [1, 1, 0, 1, 0, 1, 0, 1, 0, 1, 0, 1, 0, 1, 1] 
 T4 => S84 [0, 1, 0, 0, 1, 0, 1, 1, 1, 0, 0, 1, 0, 1, 1] 
 T8 => S98 [0, 1, 0, 0, 1, 1, 0, 1, 0, 0, 1, 1, 0, 2, 0] 
 
 Reachable states from S84 [0, 1, 0, 0, 1, 0, 1, 1, 1, 0, 0, 1, 0, 1, 1] 
 T10 => S17 [0, 1, 0, 0, 1, 0, 2, 0, 1, 0, 0, 2, 0, 1, 1] 
 T7 => S62 [0, 1, 0, 0, 1, 0, 1, 1, 1, 0, 0, 0, 0, 0, 2] 
 T3 => S85 [0, 0, 1, 0, 1, 1, 0, 1, 1, 0, 0, 1, 0, 1, 1] 
 T5 => S90 [0, 1, 0, 0, 1, 0, 1, 1, 0, 1, 0, 1, 1, 0, 1] 
 T11 => S140 [1, 1, 0, 1, 0, 0, 1, 1, 1, 0, 0, 1, 0, 1, 1] 
 
 Reachable states from S85 [0, 0, 1, 0, 1, 1, 0, 1, 1, 0, 0, 1, 0, 1, 1] 
 T10 => S18 [0, 0, 1, 0, 1, 1, 1, 0, 1, 0, 0, 2, 0, 1, 1] 
 T7 => S63 [0, 0, 1, 0, 1, 1, 0, 1, 1, 0, 0, 0, 0, 0, 2] 
 T5 => S86 [0, 0, 1, 0, 1, 1, 0, 1, 0, 1, 0, 1, 1, 0, 1] 
 T11 => S141 [1, 0, 1, 1, 0, 1, 0, 1, 1, 0, 0, 1, 0, 1, 1] 
 
 Reachable states from S86 [0, 0, 1, 0, 1, 1, 0, 1, 0, 1, 0, 1, 1, 0, 1] 
 T10 => S14 [0, 0, 1, 0, 1, 1, 1, 0, 0, 1, 0, 2, 1, 0, 1] 
 T6 => S82 [1, 0, 1, 0, 1, 1, 0, 1, 0, 1, 0, 1, 0, 1, 1] 
 T4 => S87 [0, 0, 1, 0, 1, 0, 1, 1, 1, 0, 0, 1, 1, 0, 1] 
 T8 => S147 [0, 0, 1, 0, 1, 1, 0, 1, 0, 0, 1, 1, 1, 1, 0] 
 T11 => S152 [1, 0, 1, 1, 0, 1, 0, 1, 0, 1, 0, 1, 1, 0, 1] 
 
 Reachable states from S87 [0, 0, 1, 0, 1, 0, 1, 1, 1, 0, 0, 1, 1, 0, 1] 
 T10 => S15 [0, 0, 1, 0, 1, 0, 2, 0, 1, 0, 0, 2, 1, 0, 1] 
 T6 => S88 [1, 0, 1, 0, 1, 0, 1, 1, 1, 0, 0, 1, 0, 1, 1] 
 T11 => S153 [1, 0, 1, 1, 0, 0, 1, 1, 1, 0, 0, 1, 1, 0, 1] 
 
 Reachable states from S88 [1, 0, 1, 0, 1, 0, 1, 1, 1, 0, 0, 1, 0, 1, 1] 
 T10 => S16 [1, 0, 1, 0, 1, 0, 2, 0, 1, 0, 0, 2, 0, 1, 1] 
 T7 => S67 [1, 0, 1, 0, 1, 0, 1, 1, 1, 0, 0, 0, 0, 0, 2] 
 T1 => S84 [0, 1, 0, 0, 1, 0, 1, 1, 1, 0, 0, 1, 0, 1, 1] 
 T5 => S89 [1, 0, 1, 0, 1, 0, 1, 1, 0, 1, 0, 1, 1, 0, 1] 
 T11 => S139 [2, 0, 1, 1, 0, 0, 1, 1, 1, 0, 0, 1, 0, 1, 1] 
 
 Reachable states from S89 [1, 0, 1, 0, 1, 0, 1, 1, 0, 1, 0, 1, 1, 0, 1] 
 T10 => S49 [1, 0, 1, 0, 1, 0, 2, 0, 0, 1, 0, 2, 1, 0, 1] 
 T1 => S90 [0, 1, 0, 0, 1, 0, 1, 1, 0, 1, 0, 1, 1, 0, 1] 
 T6 => S183 [2, 0, 1, 0, 1, 0, 1, 1, 0, 1, 0, 1, 0, 1, 1] 
 T8 => S213 [1, 0, 1, 0, 1, 0, 1, 1, 0, 0, 1, 1, 1, 1, 0] 
 T11 => S228 [2, 0, 1, 1, 0, 0, 1, 1, 0, 1, 0, 1, 1, 0, 1] 
 
 Reachable states from S90 [0, 1, 0, 0, 1, 0, 1, 1, 0, 1, 0, 1, 1, 0, 1] 
 T10 => S13 [0, 1, 0, 0, 1, 0, 2, 0, 0, 1, 0, 2, 1, 0, 1] 
 T3 => S86 [0, 0, 1, 0, 1, 1, 0, 1, 0, 1, 0, 1, 1, 0, 1] 
 T6 => S91 [1, 1, 0, 0, 1, 0, 1, 1, 0, 1, 0, 1, 0, 1, 1] 
 T11 => S211 [1, 1, 0, 1, 0, 0, 1, 1, 0, 1, 0, 1, 1, 0, 1] 
 T8 => S214 [0, 1, 0, 0, 1, 0, 1, 1, 0, 0, 1, 1, 1, 1, 0] 
 
 Reachable states from S91 [1, 1, 0, 0, 1, 0, 1, 1, 0, 1, 0, 1, 0, 1, 1] 
 T10 => S51 [1, 1, 0, 0, 1, 0, 2, 0, 0, 1, 0, 2, 0, 1, 1] 
 T3 => S82 [1, 0, 1, 0, 1, 1, 0, 1, 0, 1, 0, 1, 0, 1, 1] 
 T7 => S92 [1, 1, 0, 0, 1, 0, 1, 1, 0, 1, 0, 0, 0, 0, 2] 
 T8 => S96 [1, 1, 0, 0, 1, 0, 1, 1, 0, 0, 1, 1, 0, 2, 0] 
 T11 => S185 [2, 1, 0, 1, 0, 0, 1, 1, 0, 1, 0, 1, 0, 1, 1] 
 
 Reachable states from S92 [1, 1, 0, 0, 1, 0, 1, 1, 0, 1, 0, 0, 0, 0, 2] 
 T3 => S74 [1, 0, 1, 0, 1, 1, 0, 1, 0, 1, 0, 0, 0, 0, 2] 
 T8 => S93 [1, 1, 0, 0, 1, 0, 1, 1, 0, 0, 1, 0, 0, 1, 1] 
 T10 => S162 [1, 1, 0, 0, 1, 0, 2, 0, 0, 1, 0, 1, 0, 0, 2] 
 T11 => S186 [2, 1, 0, 1, 0, 0, 1, 1, 0, 1, 0, 0, 0, 0, 2] 
 
 Reachable states from S93 [1, 1, 0, 0, 1, 0, 1, 1, 0, 0, 1, 0, 0, 1, 1] 
 T3 => S71 [1, 0, 1, 0, 1, 1, 0, 1, 0, 0, 1, 0, 0, 1, 1] 
 T9 => S94 [1, 1, 0, 0, 1, 0, 0, 2, 0, 1, 0, 0, 0, 1, 1] 
 T10 => S163 [1, 1, 0, 0, 1, 0, 2, 0, 0, 0, 1, 1, 0, 1, 1] 
 T11 => S180 [2, 1, 0, 1, 0, 0, 1, 1, 0, 0, 1, 0, 0, 1, 1] 
 
 Reachable states from S94 [1, 1, 0, 0, 1, 0, 0, 2, 0, 1, 0, 0, 0, 1, 1] 
 T10 => S91 [1, 1, 0, 0, 1, 0, 1, 1, 0, 1, 0, 1, 0, 1, 1] 
 T8 => S95 [1, 1, 0, 0, 1, 0, 0, 2, 0, 0, 1, 0, 0, 2, 0] 
 T11 => S175 [2, 1, 0, 1, 0, 0, 0, 2, 0, 1, 0, 0, 0, 1, 1] 
 
 Reachable states from S95 [1, 1, 0, 0, 1, 0, 0, 2, 0, 0, 1, 0, 0, 2, 0] 
 T10 => S96 [1, 1, 0, 0, 1, 0, 1, 1, 0, 0, 1, 1, 0, 2, 0] 
 T11 => S176 [2, 1, 0, 1, 0, 0, 0, 2, 0, 0, 1, 0, 0, 2, 0] 
 
 Reachable states from S96 [1, 1, 0, 0, 1, 0, 1, 1, 0, 0, 1, 1, 0, 2, 0] 
 T7 => S93 [1, 1, 0, 0, 1, 0, 1, 1, 0, 0, 1, 0, 0, 1, 1] 
 T3 => S97 [1, 0, 1, 0, 1, 1, 0, 1, 0, 0, 1, 1, 0, 2, 0] 
 T9 => S173 [1, 1, 0, 0, 1, 0, 0, 2, 0, 1, 0, 1, 0, 2, 0] 
 T11 => S177 [2, 1, 0, 1, 0, 0, 1, 1, 0, 0, 1, 1, 0, 2, 0] 
 T10 => S250 [1, 1, 0, 0, 1, 0, 2, 0, 0, 0, 1, 2, 0, 2, 0] 
 
 Reachable states from S97 [1, 0, 1, 0, 1, 1, 0, 1, 0, 0, 1, 1, 0, 2, 0] 
 T7 => S71 [1, 0, 1, 0, 1, 1, 0, 1, 0, 0, 1, 0, 0, 1, 1] 
 T1 => S98 [0, 1, 0, 0, 1, 1, 0, 1, 0, 0, 1, 1, 0, 2, 0] 
 T10 => S132 [1, 0, 1, 0, 1, 1, 1, 0, 0, 0, 1, 2, 0, 2, 0] 
 T11 => S178 [2, 0, 1, 1, 0, 1, 0, 1, 0, 0, 1, 1, 0, 2, 0] 
 
 Reachable states from S98 [0, 1, 0, 0, 1, 1, 0, 1, 0, 0, 1, 1, 0, 2, 0] 
 T7 => S69 [0, 1, 0, 0, 1, 1, 0, 1, 0, 0, 1, 0, 0, 1, 1] 
 T10 => S99 [0, 1, 0, 0, 1, 1, 1, 0, 0, 0, 1, 2, 0, 2, 0] 
 T11 => S179 [1, 1, 0, 1, 0, 1, 0, 1, 0, 0, 1, 1, 0, 2, 0] 
 
 Reachable states from S99 [0, 1, 0, 0, 1, 1, 1, 0, 0, 0, 1, 2, 0, 2, 0] 
 T3 => S40 [0, 0, 1, 0, 1, 2, 0, 0, 0, 0, 1, 2, 0, 2, 0] 
 T7 => S59 [0, 1, 0, 0, 1, 1, 1, 0, 0, 0, 1, 1, 0, 1, 1] 
 T9 => S100 [0, 1, 0, 0, 1, 1, 0, 1, 0, 1, 0, 2, 0, 2, 0] 
 T11 => S131 [1, 1, 0, 1, 0, 1, 1, 0, 0, 0, 1, 2, 0, 2, 0] 
 
 Reachable states from S100 [0, 1, 0, 0, 1, 1, 0, 1, 0, 1, 0, 2, 0, 2, 0] 
 T10 => S5 [0, 1, 0, 0, 1, 1, 1, 0, 0, 1, 0, 3, 0, 2, 0] 
 T7 => S83 [0, 1, 0, 0, 1, 1, 0, 1, 0, 1, 0, 1, 0, 1, 1] 
 T4 => S101 [0, 1, 0, 0, 1, 0, 1, 1, 1, 0, 0, 2, 0, 2, 0] 
 T11 => S197 [1, 1, 0, 1, 0, 1, 0, 1, 0, 1, 0, 2, 0, 2, 0] 
 
 Reachable states from S101 [0, 1, 0, 0, 1, 0, 1, 1, 1, 0, 0, 2, 0, 2, 0] 
 T7 => S84 [0, 1, 0, 0, 1, 0, 1, 1, 1, 0, 0, 1, 0, 1, 1] 
 T3 => S102 [0, 0, 1, 0, 1, 1, 0, 1, 1, 0, 0, 2, 0, 2, 0] 
 T5 => S107 [0, 1, 0, 0, 1, 0, 1, 1, 0, 1, 0, 2, 1, 1, 0] 
 T10 => S112 [0, 1, 0, 0, 1, 0, 2, 0, 1, 0, 0, 3, 0, 2, 0] 
 T11 => S198 [1, 1, 0, 1, 0, 0, 1, 1, 1, 0, 0, 2, 0, 2, 0] 
 
 Reachable states from S102 [0, 0, 1, 0, 1, 1, 0, 1, 1, 0, 0, 2, 0, 2, 0] 
 T10 => S7 [0, 0, 1, 0, 1, 1, 1, 0, 1, 0, 0, 3, 0, 2, 0] 
 T7 => S85 [0, 0, 1, 0, 1, 1, 0, 1, 1, 0, 0, 1, 0, 1, 1] 
 T5 => S103 [0, 0, 1, 0, 1, 1, 0, 1, 0, 1, 0, 2, 1, 1, 0] 
 T11 => S199 [1, 0, 1, 1, 0, 1, 0, 1, 1, 0, 0, 2, 0, 2, 0] 
 
 Reachable states from S103 [0, 0, 1, 0, 1, 1, 0, 1, 0, 1, 0, 2, 1, 1, 0] 
 T10 => S8 [0, 0, 1, 0, 1, 1, 1, 0, 0, 1, 0, 3, 1, 1, 0] 
 T7 => S86 [0, 0, 1, 0, 1, 1, 0, 1, 0, 1, 0, 1, 1, 0, 1] 
 T4 => S104 [0, 0, 1, 0, 1, 0, 1, 1, 1, 0, 0, 2, 1, 1, 0] 
 T6 => S109 [1, 0, 1, 0, 1, 1, 0, 1, 0, 1, 0, 2, 0, 2, 0] 
 T11 => S210 [1, 0, 1, 1, 0, 1, 0, 1, 0, 1, 0, 2, 1, 1, 0] 
 
 Reachable states from S104 [0, 0, 1, 0, 1, 0, 1, 1, 1, 0, 0, 2, 1, 1, 0] 
 T10 => S9 [0, 0, 1, 0, 1, 0, 2, 0, 1, 0, 0, 3, 1, 1, 0] 
 T7 => S87 [0, 0, 1, 0, 1, 0, 1, 1, 1, 0, 0, 1, 1, 0, 1] 
 T5 => S105 [0, 0, 1, 0, 1, 0, 1, 1, 0, 1, 0, 2, 2, 0, 0] 
 T6 => S110 [1, 0, 1, 0, 1, 0, 1, 1, 1, 0, 0, 2, 0, 2, 0] 
 T11 => S206 [1, 0, 1, 1, 0, 0, 1, 1, 1, 0, 0, 2, 1, 1, 0] 
 
 Reachable states from S105 [0, 0, 1, 0, 1, 0, 1, 1, 0, 1, 0, 2, 2, 0, 0] 
 T10 => S10 [0, 0, 1, 0, 1, 0, 2, 0, 0, 1, 0, 3, 2, 0, 0] 
 T6 => S106 [1, 0, 1, 0, 1, 0, 1, 1, 0, 1, 0, 2, 1, 1, 0] 
 T11 => S207 [1, 0, 1, 1, 0, 0, 1, 1, 0, 1, 0, 2, 2, 0, 0] 
 
 Reachable states from S106 [1, 0, 1, 0, 1, 0, 1, 1, 0, 1, 0, 2, 1, 1, 0] 
 T10 => S11 [1, 0, 1, 0, 1, 0, 2, 0, 0, 1, 0, 3, 1, 1, 0] 
 T7 => S89 [1, 0, 1, 0, 1, 0, 1, 1, 0, 1, 0, 1, 1, 0, 1] 
 T1 => S107 [0, 1, 0, 0, 1, 0, 1, 1, 0, 1, 0, 2, 1, 1, 0] 
 T6 => S195 [2, 0, 1, 0, 1, 0, 1, 1, 0, 1, 0, 2, 0, 2, 0] 
 T11 => S241 [2, 0, 1, 1, 0, 0, 1, 1, 0, 1, 0, 2, 1, 1, 0] 
 
 Reachable states from S107 [0, 1, 0, 0, 1, 0, 1, 1, 0, 1, 0, 2, 1, 1, 0] 
 T10 => S12 [0, 1, 0, 0, 1, 0, 2, 0, 0, 1, 0, 3, 1, 1, 0] 
 T7 => S90 [0, 1, 0, 0, 1, 0, 1, 1, 0, 1, 0, 1, 1, 0, 1] 
 T3 => S103 [0, 0, 1, 0, 1, 1, 0, 1, 0, 1, 0, 2, 1, 1, 0] 
 T6 => S108 [1, 1, 0, 0, 1, 0, 1, 1, 0, 1, 0, 2, 0, 2, 0] 
 T11 => S209 [1, 1, 0, 1, 0, 0, 1, 1, 0, 1, 0, 2, 1, 1, 0] 
 
 Reachable states from S108 [1, 1, 0, 0, 1, 0, 1, 1, 0, 1, 0, 2, 0, 2, 0] 
 T10 => S3 [1, 1, 0, 0, 1, 0, 2, 0, 0, 1, 0, 3, 0, 2, 0] 
 T7 => S91 [1, 1, 0, 0, 1, 0, 1, 1, 0, 1, 0, 1, 0, 1, 1] 
 T3 => S109 [1, 0, 1, 0, 1, 1, 0, 1, 0, 1, 0, 2, 0, 2, 0] 
 T11 => S194 [2, 1, 0, 1, 0, 0, 1, 1, 0, 1, 0, 2, 0, 2, 0] 
 
 Reachable states from S109 [1, 0, 1, 0, 1, 1, 0, 1, 0, 1, 0, 2, 0, 2, 0] 
 T10 => S4 [1, 0, 1, 0, 1, 1, 1, 0, 0, 1, 0, 3, 0, 2, 0] 
 T7 => S82 [1, 0, 1, 0, 1, 1, 0, 1, 0, 1, 0, 1, 0, 1, 1] 
 T1 => S100 [0, 1, 0, 0, 1, 1, 0, 1, 0, 1, 0, 2, 0, 2, 0] 
 T4 => S110 [1, 0, 1, 0, 1, 0, 1, 1, 1, 0, 0, 2, 0, 2, 0] 
 T11 => S196 [2, 0, 1, 1, 0, 1, 0, 1, 0, 1, 0, 2, 0, 2, 0] 
 
 Reachable states from S110 [1, 0, 1, 0, 1, 0, 1, 1, 1, 0, 0, 2, 0, 2, 0] 
 T7 => S88 [1, 0, 1, 0, 1, 0, 1, 1, 1, 0, 0, 1, 0, 1, 1] 
 T1 => S101 [0, 1, 0, 0, 1, 0, 1, 1, 1, 0, 0, 2, 0, 2, 0] 
 T5 => S106 [1, 0, 1, 0, 1, 0, 1, 1, 0, 1, 0, 2, 1, 1, 0] 
 T10 => S111 [1, 0, 1, 0, 1, 0, 2, 0, 1, 0, 0, 3, 0, 2, 0] 
 T11 => S256 [2, 0, 1, 1, 0, 0, 1, 1, 1, 0, 0, 2, 0, 2, 0] 
 
 Reachable states from S111 [1, 0, 1, 0, 1, 0, 2, 0, 1, 0, 0, 3, 0, 2, 0] 
 T5 => S11 [1, 0, 1, 0, 1, 0, 2, 0, 0, 1, 0, 3, 1, 1, 0] 
 T7 => S16 [1, 0, 1, 0, 1, 0, 2, 0, 1, 0, 0, 2, 0, 1, 1] 
 T1 => S112 [0, 1, 0, 0, 1, 0, 2, 0, 1, 0, 0, 3, 0, 2, 0] 
 T11 => S257 [2, 0, 1, 1, 0, 0, 2, 0, 1, 0, 0, 3, 0, 2, 0] 
 
 Reachable states from S112 [0, 1, 0, 0, 1, 0, 2, 0, 1, 0, 0, 3, 0, 2, 0] 
 T3 => S7 [0, 0, 1, 0, 1, 1, 1, 0, 1, 0, 0, 3, 0, 2, 0] 
 T5 => S12 [0, 1, 0, 0, 1, 0, 2, 0, 0, 1, 0, 3, 1, 1, 0] 
 T7 => S17 [0, 1, 0, 0, 1, 0, 2, 0, 1, 0, 0, 2, 0, 1, 1] 
 T11 => S113 [1, 1, 0, 1, 0, 0, 2, 0, 1, 0, 0, 3, 0, 2, 0] 
 
 Reachable states from S113 [1, 1, 0, 1, 0, 0, 2, 0, 1, 0, 0, 3, 0, 2, 0] 
 T7 => S47 [1, 1, 0, 1, 0, 0, 2, 0, 1, 0, 0, 2, 0, 1, 1] 
 T2 => S111 [1, 0, 1, 0, 1, 0, 2, 0, 1, 0, 0, 3, 0, 2, 0] 
 T3 => S114 [1, 0, 1, 1, 0, 1, 1, 0, 1, 0, 0, 3, 0, 2, 0] 
 T5 => S124 [1, 1, 0, 1, 0, 0, 2, 0, 0, 1, 0, 3, 1, 1, 0] 
 
 Reachable states from S114 [1, 0, 1, 1, 0, 1, 1, 0, 1, 0, 0, 3, 0, 2, 0] 
 T7 => S23 [1, 0, 1, 1, 0, 1, 1, 0, 1, 0, 0, 2, 0, 1, 1] 
 T1 => S115 [0, 1, 0, 1, 0, 1, 1, 0, 1, 0, 0, 3, 0, 2, 0] 
 T5 => S125 [1, 0, 1, 1, 0, 1, 1, 0, 0, 1, 0, 3, 1, 1, 0] 
 
 Reachable states from S115 [0, 1, 0, 1, 0, 1, 1, 0, 1, 0, 0, 3, 0, 2, 0] 
 T2 => S7 [0, 0, 1, 0, 1, 1, 1, 0, 1, 0, 0, 3, 0, 2, 0] 
 T7 => S24 [0, 1, 0, 1, 0, 1, 1, 0, 1, 0, 0, 2, 0, 1, 1] 
 T3 => S116 [0, 0, 1, 1, 0, 2, 0, 0, 1, 0, 0, 3, 0, 2, 0] 
 T5 => S126 [0, 1, 0, 1, 0, 1, 1, 0, 0, 1, 0, 3, 1, 1, 0] 
 
 Reachable states from S116 [0, 0, 1, 1, 0, 2, 0, 0, 1, 0, 0, 3, 0, 2, 0] 
 T7 => S25 [0, 0, 1, 1, 0, 2, 0, 0, 1, 0, 0, 2, 0, 1, 1] 
 T5 => S117 [0, 0, 1, 1, 0, 2, 0, 0, 0, 1, 0, 3, 1, 1, 0] 
 
 Reachable states from S117 [0, 0, 1, 1, 0, 2, 0, 0, 0, 1, 0, 3, 1, 1, 0] 
 T7 => S26 [0, 0, 1, 1, 0, 2, 0, 0, 0, 1, 0, 2, 1, 0, 1] 
 T4 => S118 [0, 0, 1, 1, 0, 1, 1, 0, 1, 0, 0, 3, 1, 1, 0] 
 T6 => S128 [1, 0, 1, 1, 0, 2, 0, 0, 0, 1, 0, 3, 0, 2, 0] 
 
 Reachable states from S118 [0, 0, 1, 1, 0, 1, 1, 0, 1, 0, 0, 3, 1, 1, 0] 
 T7 => S27 [0, 0, 1, 1, 0, 1, 1, 0, 1, 0, 0, 2, 1, 0, 1] 
 T6 => S114 [1, 0, 1, 1, 0, 1, 1, 0, 1, 0, 0, 3, 0, 2, 0] 
 T5 => S119 [0, 0, 1, 1, 0, 1, 1, 0, 0, 1, 0, 3, 2, 0, 0] 
 
 Reachable states from S119 [0, 0, 1, 1, 0, 1, 1, 0, 0, 1, 0, 3, 2, 0, 0] 
 T4 => S120 [0, 0, 1, 1, 0, 0, 2, 0, 1, 0, 0, 3, 2, 0, 0] 
 T6 => S125 [1, 0, 1, 1, 0, 1, 1, 0, 0, 1, 0, 3, 1, 1, 0] 
 
 Reachable states from S120 [0, 0, 1, 1, 0, 0, 2, 0, 1, 0, 0, 3, 2, 0, 0] 
 T6 => S121 [1, 0, 1, 1, 0, 0, 2, 0, 1, 0, 0, 3, 1, 1, 0] 
 
 Reachable states from S121 [1, 0, 1, 1, 0, 0, 2, 0, 1, 0, 0, 3, 1, 1, 0] 
 T1 => S122 [0, 1, 0, 1, 0, 0, 2, 0, 1, 0, 0, 3, 1, 1, 0] 
 T7 => S154 [1, 0, 1, 1, 0, 0, 2, 0, 1, 0, 0, 2, 1, 0, 1] 
 T5 => S255 [1, 0, 1, 1, 0, 0, 2, 0, 0, 1, 0, 3, 2, 0, 0] 
 T6 => S257 [2, 0, 1, 1, 0, 0, 2, 0, 1, 0, 0, 3, 0, 2, 0] 
 
 Reachable states from S122 [0, 1, 0, 1, 0, 0, 2, 0, 1, 0, 0, 3, 1, 1, 0] 
 T2 => S9 [0, 0, 1, 0, 1, 0, 2, 0, 1, 0, 0, 3, 1, 1, 0] 
 T7 => S46 [0, 1, 0, 1, 0, 0, 2, 0, 1, 0, 0, 2, 1, 0, 1] 
 T6 => S113 [1, 1, 0, 1, 0, 0, 2, 0, 1, 0, 0, 3, 0, 2, 0] 
 T3 => S118 [0, 0, 1, 1, 0, 1, 1, 0, 1, 0, 0, 3, 1, 1, 0] 
 T5 => S123 [0, 1, 0, 1, 0, 0, 2, 0, 0, 1, 0, 3, 2, 0, 0] 
 
 Reachable states from S123 [0, 1, 0, 1, 0, 0, 2, 0, 0, 1, 0, 3, 2, 0, 0] 
 T2 => S10 [0, 0, 1, 0, 1, 0, 2, 0, 0, 1, 0, 3, 2, 0, 0] 
 T3 => S119 [0, 0, 1, 1, 0, 1, 1, 0, 0, 1, 0, 3, 2, 0, 0] 
 T6 => S124 [1, 1, 0, 1, 0, 0, 2, 0, 0, 1, 0, 3, 1, 1, 0] 
 
 Reachable states from S124 [1, 1, 0, 1, 0, 0, 2, 0, 0, 1, 0, 3, 1, 1, 0] 
 T6 => S1 [2, 1, 0, 1, 0, 0, 2, 0, 0, 1, 0, 3, 0, 2, 0] 
 T2 => S11 [1, 0, 1, 0, 1, 0, 2, 0, 0, 1, 0, 3, 1, 1, 0] 
 T7 => S48 [1, 1, 0, 1, 0, 0, 2, 0, 0, 1, 0, 2, 1, 0, 1] 
 T3 => S125 [1, 0, 1, 1, 0, 1, 1, 0, 0, 1, 0, 3, 1, 1, 0] 
 
 Reachable states from S125 [1, 0, 1, 1, 0, 1, 1, 0, 0, 1, 0, 3, 1, 1, 0] 
 T4 => S121 [1, 0, 1, 1, 0, 0, 2, 0, 1, 0, 0, 3, 1, 1, 0] 
 T1 => S126 [0, 1, 0, 1, 0, 1, 1, 0, 0, 1, 0, 3, 1, 1, 0] 
 T6 => S258 [2, 0, 1, 1, 0, 1, 1, 0, 0, 1, 0, 3, 0, 2, 0] 
 T7 => S260 [1, 0, 1, 1, 0, 1, 1, 0, 0, 1, 0, 2, 1, 0, 1] 
 
 Reachable states from S126 [0, 1, 0, 1, 0, 1, 1, 0, 0, 1, 0, 3, 1, 1, 0] 
 T2 => S8 [0, 0, 1, 0, 1, 1, 1, 0, 0, 1, 0, 3, 1, 1, 0] 
 T7 => S45 [0, 1, 0, 1, 0, 1, 1, 0, 0, 1, 0, 2, 1, 0, 1] 
 T3 => S117 [0, 0, 1, 1, 0, 2, 0, 0, 0, 1, 0, 3, 1, 1, 0] 
 T4 => S122 [0, 1, 0, 1, 0, 0, 2, 0, 1, 0, 0, 3, 1, 1, 0] 
 T6 => S127 [1, 1, 0, 1, 0, 1, 1, 0, 0, 1, 0, 3, 0, 2, 0] 
 
 Reachable states from S127 [1, 1, 0, 1, 0, 1, 1, 0, 0, 1, 0, 3, 0, 2, 0] 
 T2 => S4 [1, 0, 1, 0, 1, 1, 1, 0, 0, 1, 0, 3, 0, 2, 0] 
 T4 => S113 [1, 1, 0, 1, 0, 0, 2, 0, 1, 0, 0, 3, 0, 2, 0] 
 T3 => S128 [1, 0, 1, 1, 0, 2, 0, 0, 0, 1, 0, 3, 0, 2, 0] 
 T7 => S130 [1, 1, 0, 1, 0, 1, 1, 0, 0, 1, 0, 2, 0, 1, 1] 
 
 Reachable states from S128 [1, 0, 1, 1, 0, 2, 0, 0, 0, 1, 0, 3, 0, 2, 0] 
 T7 => S28 [1, 0, 1, 1, 0, 2, 0, 0, 0, 1, 0, 2, 0, 1, 1] 
 T4 => S114 [1, 0, 1, 1, 0, 1, 1, 0, 1, 0, 0, 3, 0, 2, 0] 
 T1 => S129 [0, 1, 0, 1, 0, 2, 0, 0, 0, 1, 0, 3, 0, 2, 0] 
 
 Reachable states from S129 [0, 1, 0, 1, 0, 2, 0, 0, 0, 1, 0, 3, 0, 2, 0] 
 T2 => S6 [0, 0, 1, 0, 1, 2, 0, 0, 0, 1, 0, 3, 0, 2, 0] 
 T7 => S29 [0, 1, 0, 1, 0, 2, 0, 0, 0, 1, 0, 2, 0, 1, 1] 
 T4 => S115 [0, 1, 0, 1, 0, 1, 1, 0, 1, 0, 0, 3, 0, 2, 0] 
 
 Reachable states from S130 [1, 1, 0, 1, 0, 1, 1, 0, 0, 1, 0, 2, 0, 1, 1] 
 T3 => S28 [1, 0, 1, 1, 0, 2, 0, 0, 0, 1, 0, 2, 0, 1, 1] 
 T4 => S47 [1, 1, 0, 1, 0, 0, 2, 0, 1, 0, 0, 2, 0, 1, 1] 
 T2 => S52 [1, 0, 1, 0, 1, 1, 1, 0, 0, 1, 0, 2, 0, 1, 1] 
 T7 => S77 [1, 1, 0, 1, 0, 1, 1, 0, 0, 1, 0, 1, 0, 0, 2] 
 T8 => S131 [1, 1, 0, 1, 0, 1, 1, 0, 0, 0, 1, 2, 0, 2, 0] 
 
 Reachable states from S131 [1, 1, 0, 1, 0, 1, 1, 0, 0, 0, 1, 2, 0, 2, 0] 
 T3 => S41 [1, 0, 1, 1, 0, 2, 0, 0, 0, 0, 1, 2, 0, 2, 0] 
 T7 => S78 [1, 1, 0, 1, 0, 1, 1, 0, 0, 0, 1, 1, 0, 1, 1] 
 T2 => S132 [1, 0, 1, 0, 1, 1, 1, 0, 0, 0, 1, 2, 0, 2, 0] 
 T9 => S197 [1, 1, 0, 1, 0, 1, 0, 1, 0, 1, 0, 2, 0, 2, 0] 
 
 Reachable states from S132 [1, 0, 1, 0, 1, 1, 1, 0, 0, 0, 1, 2, 0, 2, 0] 
 T7 => S72 [1, 0, 1, 0, 1, 1, 1, 0, 0, 0, 1, 1, 0, 1, 1] 
 T1 => S99 [0, 1, 0, 0, 1, 1, 1, 0, 0, 0, 1, 2, 0, 2, 0] 
 T9 => S109 [1, 0, 1, 0, 1, 1, 0, 1, 0, 1, 0, 2, 0, 2, 0] 
 T11 => S133 [2, 0, 1, 1, 0, 1, 1, 0, 0, 0, 1, 2, 0, 2, 0] 
 
 Reachable states from S133 [2, 0, 1, 1, 0, 1, 1, 0, 0, 0, 1, 2, 0, 2, 0] 
 T1 => S131 [1, 1, 0, 1, 0, 1, 1, 0, 0, 0, 1, 2, 0, 2, 0] 
 T7 => S134 [2, 0, 1, 1, 0, 1, 1, 0, 0, 0, 1, 1, 0, 1, 1] 
 T9 => S196 [2, 0, 1, 1, 0, 1, 0, 1, 0, 1, 0, 2, 0, 2, 0] 
 
 Reachable states from S134 [2, 0, 1, 1, 0, 1, 1, 0, 0, 0, 1, 1, 0, 1, 1] 
 T1 => S78 [1, 1, 0, 1, 0, 1, 1, 0, 0, 0, 1, 1, 0, 1, 1] 
 T7 => S135 [2, 0, 1, 1, 0, 1, 1, 0, 0, 0, 1, 0, 0, 0, 2] 
 T9 => S138 [2, 0, 1, 1, 0, 1, 0, 1, 0, 1, 0, 1, 0, 1, 1] 
 
 Reachable states from S135 [2, 0, 1, 1, 0, 1, 1, 0, 0, 0, 1, 0, 0, 0, 2] 
 T1 => S79 [1, 1, 0, 1, 0, 1, 1, 0, 0, 0, 1, 0, 0, 0, 2] 
 T9 => S136 [2, 0, 1, 1, 0, 1, 0, 1, 0, 1, 0, 0, 0, 0, 2] 
 
 Reachable states from S136 [2, 0, 1, 1, 0, 1, 0, 1, 0, 1, 0, 0, 0, 0, 2] 
 T4 => S68 [2, 0, 1, 1, 0, 0, 1, 1, 1, 0, 0, 0, 0, 0, 2] 
 T10 => S76 [2, 0, 1, 1, 0, 1, 1, 0, 0, 1, 0, 1, 0, 0, 2] 
 T1 => S80 [1, 1, 0, 1, 0, 1, 0, 1, 0, 1, 0, 0, 0, 0, 2] 
 T8 => S137 [2, 0, 1, 1, 0, 1, 0, 1, 0, 0, 1, 0, 0, 1, 1] 
 
 Reachable states from S137 [2, 0, 1, 1, 0, 1, 0, 1, 0, 0, 1, 0, 0, 1, 1] 
 T1 => S70 [1, 1, 0, 1, 0, 1, 0, 1, 0, 0, 1, 0, 0, 1, 1] 
 T10 => S134 [2, 0, 1, 1, 0, 1, 1, 0, 0, 0, 1, 1, 0, 1, 1] 
 
 Reachable states from S138 [2, 0, 1, 1, 0, 1, 0, 1, 0, 1, 0, 1, 0, 1, 1] 
 T1 => S81 [1, 1, 0, 1, 0, 1, 0, 1, 0, 1, 0, 1, 0, 1, 1] 
 T7 => S136 [2, 0, 1, 1, 0, 1, 0, 1, 0, 1, 0, 0, 0, 0, 2] 
 T4 => S139 [2, 0, 1, 1, 0, 0, 1, 1, 1, 0, 0, 1, 0, 1, 1] 
 T10 => S159 [2, 0, 1, 1, 0, 1, 1, 0, 0, 1, 0, 2, 0, 1, 1] 
 T8 => S178 [2, 0, 1, 1, 0, 1, 0, 1, 0, 0, 1, 1, 0, 2, 0] 
 
 Reachable states from S139 [2, 0, 1, 1, 0, 0, 1, 1, 1, 0, 0, 1, 0, 1, 1] 
 T7 => S68 [2, 0, 1, 1, 0, 0, 1, 1, 1, 0, 0, 0, 0, 0, 2] 
 T1 => S140 [1, 1, 0, 1, 0, 0, 1, 1, 1, 0, 0, 1, 0, 1, 1] 
 T10 => S155 [2, 0, 1, 1, 0, 0, 2, 0, 1, 0, 0, 2, 0, 1, 1] 
 T5 => S228 [2, 0, 1, 1, 0, 0, 1, 1, 0, 1, 0, 1, 1, 0, 1] 
 
 Reachable states from S140 [1, 1, 0, 1, 0, 0, 1, 1, 1, 0, 0, 1, 0, 1, 1] 
 T10 => S47 [1, 1, 0, 1, 0, 0, 2, 0, 1, 0, 0, 2, 0, 1, 1] 
 T7 => S66 [1, 1, 0, 1, 0, 0, 1, 1, 1, 0, 0, 0, 0, 0, 2] 
 T2 => S88 [1, 0, 1, 0, 1, 0, 1, 1, 1, 0, 0, 1, 0, 1, 1] 
 T3 => S141 [1, 0, 1, 1, 0, 1, 0, 1, 1, 0, 0, 1, 0, 1, 1] 
 T5 => S211 [1, 1, 0, 1, 0, 0, 1, 1, 0, 1, 0, 1, 1, 0, 1] 
 
 Reachable states from S141 [1, 0, 1, 1, 0, 1, 0, 1, 1, 0, 0, 1, 0, 1, 1] 
 T10 => S23 [1, 0, 1, 1, 0, 1, 1, 0, 1, 0, 0, 2, 0, 1, 1] 
 T7 => S64 [1, 0, 1, 1, 0, 1, 0, 1, 1, 0, 0, 0, 0, 0, 2] 
 T1 => S142 [0, 1, 0, 1, 0, 1, 0, 1, 1, 0, 0, 1, 0, 1, 1] 
 T5 => S152 [1, 0, 1, 1, 0, 1, 0, 1, 0, 1, 0, 1, 1, 0, 1] 
 
 Reachable states from S142 [0, 1, 0, 1, 0, 1, 0, 1, 1, 0, 0, 1, 0, 1, 1] 
 T10 => S24 [0, 1, 0, 1, 0, 1, 1, 0, 1, 0, 0, 2, 0, 1, 1] 
 T7 => S65 [0, 1, 0, 1, 0, 1, 0, 1, 1, 0, 0, 0, 0, 0, 2] 
 T2 => S85 [0, 0, 1, 0, 1, 1, 0, 1, 1, 0, 0, 1, 0, 1, 1] 
 T5 => S143 [0, 1, 0, 1, 0, 1, 0, 1, 0, 1, 0, 1, 1, 0, 1] 
 
 Reachable states from S143 [0, 1, 0, 1, 0, 1, 0, 1, 0, 1, 0, 1, 1, 0, 1] 
 T10 => S45 [0, 1, 0, 1, 0, 1, 1, 0, 0, 1, 0, 2, 1, 0, 1] 
 T6 => S81 [1, 1, 0, 1, 0, 1, 0, 1, 0, 1, 0, 1, 0, 1, 1] 
 T2 => S86 [0, 0, 1, 0, 1, 1, 0, 1, 0, 1, 0, 1, 1, 0, 1] 
 T4 => S144 [0, 1, 0, 1, 0, 0, 1, 1, 1, 0, 0, 1, 1, 0, 1] 
 T8 => S146 [0, 1, 0, 1, 0, 1, 0, 1, 0, 0, 1, 1, 1, 1, 0] 
 
 Reachable states from S144 [0, 1, 0, 1, 0, 0, 1, 1, 1, 0, 0, 1, 1, 0, 1] 
 T10 => S46 [0, 1, 0, 1, 0, 0, 2, 0, 1, 0, 0, 2, 1, 0, 1] 
 T2 => S87 [0, 0, 1, 0, 1, 0, 1, 1, 1, 0, 0, 1, 1, 0, 1] 
 T6 => S140 [1, 1, 0, 1, 0, 0, 1, 1, 1, 0, 0, 1, 0, 1, 1] 
 T3 => S145 [0, 0, 1, 1, 0, 1, 0, 1, 1, 0, 0, 1, 1, 0, 1] 
 
 Reachable states from S145 [0, 0, 1, 1, 0, 1, 0, 1, 1, 0, 0, 1, 1, 0, 1] 
 T10 => S27 [0, 0, 1, 1, 0, 1, 1, 0, 1, 0, 0, 2, 1, 0, 1] 
 T6 => S141 [1, 0, 1, 1, 0, 1, 0, 1, 1, 0, 0, 1, 0, 1, 1] 
 
 Reachable states from S146 [0, 1, 0, 1, 0, 1, 0, 1, 0, 0, 1, 1, 1, 1, 0] 
 T2 => S147 [0, 0, 1, 0, 1, 1, 0, 1, 0, 0, 1, 1, 1, 1, 0] 
 T6 => S179 [1, 1, 0, 1, 0, 1, 0, 1, 0, 0, 1, 1, 0, 2, 0] 
 T7 => S236 [0, 1, 0, 1, 0, 1, 0, 1, 0, 0, 1, 0, 1, 0, 1] 
 T10 => S249 [0, 1, 0, 1, 0, 1, 1, 0, 0, 0, 1, 2, 1, 1, 0] 
 
 Reachable states from S147 [0, 0, 1, 0, 1, 1, 0, 1, 0, 0, 1, 1, 1, 1, 0] 
 T6 => S97 [1, 0, 1, 0, 1, 1, 0, 1, 0, 0, 1, 1, 0, 2, 0] 
 T7 => S148 [0, 0, 1, 0, 1, 1, 0, 1, 0, 0, 1, 0, 1, 0, 1] 
 T10 => S247 [0, 0, 1, 0, 1, 1, 1, 0, 0, 0, 1, 2, 1, 1, 0] 
 T11 => S254 [1, 0, 1, 1, 0, 1, 0, 1, 0, 0, 1, 1, 1, 1, 0] 
 
 Reachable states from S148 [0, 0, 1, 0, 1, 1, 0, 1, 0, 0, 1, 0, 1, 0, 1] 
 T6 => S71 [1, 0, 1, 0, 1, 1, 0, 1, 0, 0, 1, 0, 0, 1, 1] 
 T10 => S149 [0, 0, 1, 0, 1, 1, 1, 0, 0, 0, 1, 1, 1, 0, 1] 
 T11 => S235 [1, 0, 1, 1, 0, 1, 0, 1, 0, 0, 1, 0, 1, 0, 1] 
 
 Reachable states from S149 [0, 0, 1, 0, 1, 1, 1, 0, 0, 0, 1, 1, 1, 0, 1] 
 T6 => S72 [1, 0, 1, 0, 1, 1, 1, 0, 0, 0, 1, 1, 0, 1, 1] 
 T9 => S86 [0, 0, 1, 0, 1, 1, 0, 1, 0, 1, 0, 1, 1, 0, 1] 
 T11 => S150 [1, 0, 1, 1, 0, 1, 1, 0, 0, 0, 1, 1, 1, 0, 1] 
 
 Reachable states from S150 [1, 0, 1, 1, 0, 1, 1, 0, 0, 0, 1, 1, 1, 0, 1] 
 T6 => S134 [2, 0, 1, 1, 0, 1, 1, 0, 0, 0, 1, 1, 0, 1, 1] 
 T1 => S151 [0, 1, 0, 1, 0, 1, 1, 0, 0, 0, 1, 1, 1, 0, 1] 
 T9 => S152 [1, 0, 1, 1, 0, 1, 0, 1, 0, 1, 0, 1, 1, 0, 1] 
 
 Reachable states from S151 [0, 1, 0, 1, 0, 1, 1, 0, 0, 0, 1, 1, 1, 0, 1] 
 T3 => S44 [0, 0, 1, 1, 0, 2, 0, 0, 0, 0, 1, 1, 1, 0, 1] 
 T6 => S78 [1, 1, 0, 1, 0, 1, 1, 0, 0, 0, 1, 1, 0, 1, 1] 
 T9 => S143 [0, 1, 0, 1, 0, 1, 0, 1, 0, 1, 0, 1, 1, 0, 1] 
 T2 => S149 [0, 0, 1, 0, 1, 1, 1, 0, 0, 0, 1, 1, 1, 0, 1] 
 
 Reachable states from S152 [1, 0, 1, 1, 0, 1, 0, 1, 0, 1, 0, 1, 1, 0, 1] 
 T6 => S138 [2, 0, 1, 1, 0, 1, 0, 1, 0, 1, 0, 1, 0, 1, 1] 
 T1 => S143 [0, 1, 0, 1, 0, 1, 0, 1, 0, 1, 0, 1, 1, 0, 1] 
 T4 => S153 [1, 0, 1, 1, 0, 0, 1, 1, 1, 0, 0, 1, 1, 0, 1] 
 T8 => S254 [1, 0, 1, 1, 0, 1, 0, 1, 0, 0, 1, 1, 1, 1, 0] 
 T10 => S260 [1, 0, 1, 1, 0, 1, 1, 0, 0, 1, 0, 2, 1, 0, 1] 
 
 Reachable states from S153 [1, 0, 1, 1, 0, 0, 1, 1, 1, 0, 0, 1, 1, 0, 1] 
 T6 => S139 [2, 0, 1, 1, 0, 0, 1, 1, 1, 0, 0, 1, 0, 1, 1] 
 T1 => S144 [0, 1, 0, 1, 0, 0, 1, 1, 1, 0, 0, 1, 1, 0, 1] 
 T10 => S154 [1, 0, 1, 1, 0, 0, 2, 0, 1, 0, 0, 2, 1, 0, 1] 
 
 Reachable states from S154 [1, 0, 1, 1, 0, 0, 2, 0, 1, 0, 0, 2, 1, 0, 1] 
 T1 => S46 [0, 1, 0, 1, 0, 0, 2, 0, 1, 0, 0, 2, 1, 0, 1] 
 T6 => S155 [2, 0, 1, 1, 0, 0, 2, 0, 1, 0, 0, 2, 0, 1, 1] 
 
 Reachable states from S155 [2, 0, 1, 1, 0, 0, 2, 0, 1, 0, 0, 2, 0, 1, 1] 
 T1 => S47 [1, 1, 0, 1, 0, 0, 2, 0, 1, 0, 0, 2, 0, 1, 1] 
 T7 => S58 [2, 0, 1, 1, 0, 0, 2, 0, 1, 0, 0, 1, 0, 0, 2] 
 T5 => S156 [2, 0, 1, 1, 0, 0, 2, 0, 0, 1, 0, 2, 1, 0, 1] 
 
 Reachable states from S156 [2, 0, 1, 1, 0, 0, 2, 0, 0, 1, 0, 2, 1, 0, 1] 
 T1 => S48 [1, 1, 0, 1, 0, 0, 2, 0, 0, 1, 0, 2, 1, 0, 1] 
 T6 => S157 [3, 0, 1, 1, 0, 0, 2, 0, 0, 1, 0, 2, 0, 1, 1] 
 T8 => S243 [2, 0, 1, 1, 0, 0, 2, 0, 0, 0, 1, 2, 1, 1, 0] 
 
 Reachable states from S157 [3, 0, 1, 1, 0, 0, 2, 0, 0, 1, 0, 2, 0, 1, 1] 
 T1 => S158 [2, 1, 0, 1, 0, 0, 2, 0, 0, 1, 0, 2, 0, 1, 1] 
 T8 => S253 [3, 0, 1, 1, 0, 0, 2, 0, 0, 0, 1, 2, 0, 2, 0] 
 T7 => S259 [3, 0, 1, 1, 0, 0, 2, 0, 0, 1, 0, 1, 0, 0, 2] 
 
 Reachable states from S158 [2, 1, 0, 1, 0, 0, 2, 0, 0, 1, 0, 2, 0, 1, 1] 
 T2 => S50 [2, 0, 1, 0, 1, 0, 2, 0, 0, 1, 0, 2, 0, 1, 1] 
 T3 => S159 [2, 0, 1, 1, 0, 1, 1, 0, 0, 1, 0, 2, 0, 1, 1] 
 T7 => S160 [2, 1, 0, 1, 0, 0, 2, 0, 0, 1, 0, 1, 0, 0, 2] 
 T8 => S251 [2, 1, 0, 1, 0, 0, 2, 0, 0, 0, 1, 2, 0, 2, 0] 
 
 Reachable states from S159 [2, 0, 1, 1, 0, 1, 1, 0, 0, 1, 0, 2, 0, 1, 1] 
 T7 => S76 [2, 0, 1, 1, 0, 1, 1, 0, 0, 1, 0, 1, 0, 0, 2] 
 T1 => S130 [1, 1, 0, 1, 0, 1, 1, 0, 0, 1, 0, 2, 0, 1, 1] 
 T8 => S133 [2, 0, 1, 1, 0, 1, 1, 0, 0, 0, 1, 2, 0, 2, 0] 
 T4 => S155 [2, 0, 1, 1, 0, 0, 2, 0, 1, 0, 0, 2, 0, 1, 1] 
 
 Reachable states from S160 [2, 1, 0, 1, 0, 0, 2, 0, 0, 1, 0, 1, 0, 0, 2] 
 T3 => S76 [2, 0, 1, 1, 0, 1, 1, 0, 0, 1, 0, 1, 0, 0, 2] 
 T2 => S161 [2, 0, 1, 0, 1, 0, 2, 0, 0, 1, 0, 1, 0, 0, 2] 
 T8 => S181 [2, 1, 0, 1, 0, 0, 2, 0, 0, 0, 1, 1, 0, 1, 1] 
 
 Reachable states from S161 [2, 0, 1, 0, 1, 0, 2, 0, 0, 1, 0, 1, 0, 0, 2] 
 T1 => S162 [1, 1, 0, 0, 1, 0, 2, 0, 0, 1, 0, 1, 0, 0, 2] 
 T8 => S182 [2, 0, 1, 0, 1, 0, 2, 0, 0, 0, 1, 1, 0, 1, 1] 
 T11 => S259 [3, 0, 1, 1, 0, 0, 2, 0, 0, 1, 0, 1, 0, 0, 2] 
 
 Reachable states from S162 [1, 1, 0, 0, 1, 0, 2, 0, 0, 1, 0, 1, 0, 0, 2] 
 T3 => S75 [1, 0, 1, 0, 1, 1, 1, 0, 0, 1, 0, 1, 0, 0, 2] 
 T11 => S160 [2, 1, 0, 1, 0, 0, 2, 0, 0, 1, 0, 1, 0, 0, 2] 
 T8 => S163 [1, 1, 0, 0, 1, 0, 2, 0, 0, 0, 1, 1, 0, 1, 1] 
 
 Reachable states from S163 [1, 1, 0, 0, 1, 0, 2, 0, 0, 0, 1, 1, 0, 1, 1] 
 T3 => S72 [1, 0, 1, 0, 1, 1, 1, 0, 0, 0, 1, 1, 0, 1, 1] 
 T9 => S91 [1, 1, 0, 0, 1, 0, 1, 1, 0, 1, 0, 1, 0, 1, 1] 
 T7 => S164 [1, 1, 0, 0, 1, 0, 2, 0, 0, 0, 1, 0, 0, 0, 2] 
 T11 => S181 [2, 1, 0, 1, 0, 0, 2, 0, 0, 0, 1, 1, 0, 1, 1] 
 
 Reachable states from S164 [1, 1, 0, 0, 1, 0, 2, 0, 0, 0, 1, 0, 0, 0, 2] 
 T3 => S73 [1, 0, 1, 0, 1, 1, 1, 0, 0, 0, 1, 0, 0, 0, 2] 
 T9 => S92 [1, 1, 0, 0, 1, 0, 1, 1, 0, 1, 0, 0, 0, 0, 2] 
 T11 => S165 [2, 1, 0, 1, 0, 0, 2, 0, 0, 0, 1, 0, 0, 0, 2] 
 
 Reachable states from S165 [2, 1, 0, 1, 0, 0, 2, 0, 0, 0, 1, 0, 0, 0, 2] 
 T3 => S135 [2, 0, 1, 1, 0, 1, 1, 0, 0, 0, 1, 0, 0, 0, 2] 
 T2 => S166 [2, 0, 1, 0, 1, 0, 2, 0, 0, 0, 1, 0, 0, 0, 2] 
 T9 => S186 [2, 1, 0, 1, 0, 0, 1, 1, 0, 1, 0, 0, 0, 0, 2] 
 
 Reachable states from S166 [2, 0, 1, 0, 1, 0, 2, 0, 0, 0, 1, 0, 0, 0, 2] 
 T1 => S164 [1, 1, 0, 0, 1, 0, 2, 0, 0, 0, 1, 0, 0, 0, 2] 
 T9 => S167 [2, 0, 1, 0, 1, 0, 1, 1, 0, 1, 0, 0, 0, 0, 2] 
 T11 => S234 [3, 0, 1, 1, 0, 0, 2, 0, 0, 0, 1, 0, 0, 0, 2] 
 
 Reachable states from S167 [2, 0, 1, 0, 1, 0, 1, 1, 0, 1, 0, 0, 0, 0, 2] 
 T1 => S92 [1, 1, 0, 0, 1, 0, 1, 1, 0, 1, 0, 0, 0, 0, 2] 
 T10 => S161 [2, 0, 1, 0, 1, 0, 2, 0, 0, 1, 0, 1, 0, 0, 2] 
 T8 => S168 [2, 0, 1, 0, 1, 0, 1, 1, 0, 0, 1, 0, 0, 1, 1] 
 T11 => S187 [3, 0, 1, 1, 0, 0, 1, 1, 0, 1, 0, 0, 0, 0, 2] 
 
 Reachable states from S168 [2, 0, 1, 0, 1, 0, 1, 1, 0, 0, 1, 0, 0, 1, 1] 
 T1 => S93 [1, 1, 0, 0, 1, 0, 1, 1, 0, 0, 1, 0, 0, 1, 1] 
 T9 => S169 [2, 0, 1, 0, 1, 0, 0, 2, 0, 1, 0, 0, 0, 1, 1] 
 T10 => S182 [2, 0, 1, 0, 1, 0, 2, 0, 0, 0, 1, 1, 0, 1, 1] 
 T11 => S188 [3, 0, 1, 1, 0, 0, 1, 1, 0, 0, 1, 0, 0, 1, 1] 
 
 Reachable states from S169 [2, 0, 1, 0, 1, 0, 0, 2, 0, 1, 0, 0, 0, 1, 1] 
 T1 => S94 [1, 1, 0, 0, 1, 0, 0, 2, 0, 1, 0, 0, 0, 1, 1] 
 T8 => S170 [2, 0, 1, 0, 1, 0, 0, 2, 0, 0, 1, 0, 0, 2, 0] 
 T10 => S183 [2, 0, 1, 0, 1, 0, 1, 1, 0, 1, 0, 1, 0, 1, 1] 
 T11 => S189 [3, 0, 1, 1, 0, 0, 0, 2, 0, 1, 0, 0, 0, 1, 1] 
 
 Reachable states from S170 [2, 0, 1, 0, 1, 0, 0, 2, 0, 0, 1, 0, 0, 2, 0] 
 T1 => S95 [1, 1, 0, 0, 1, 0, 0, 2, 0, 0, 1, 0, 0, 2, 0] 
 T10 => S171 [2, 0, 1, 0, 1, 0, 1, 1, 0, 0, 1, 1, 0, 2, 0] 
 T11 => S190 [3, 0, 1, 1, 0, 0, 0, 2, 0, 0, 1, 0, 0, 2, 0] 
 
 Reachable states from S171 [2, 0, 1, 0, 1, 0, 1, 1, 0, 0, 1, 1, 0, 2, 0] 
 T1 => S96 [1, 1, 0, 0, 1, 0, 1, 1, 0, 0, 1, 1, 0, 2, 0] 
 T7 => S168 [2, 0, 1, 0, 1, 0, 1, 1, 0, 0, 1, 0, 0, 1, 1] 
 T9 => S172 [2, 0, 1, 0, 1, 0, 0, 2, 0, 1, 0, 1, 0, 2, 0] 
 T11 => S191 [3, 0, 1, 1, 0, 0, 1, 1, 0, 0, 1, 1, 0, 2, 0] 
 T10 => S252 [2, 0, 1, 0, 1, 0, 2, 0, 0, 0, 1, 2, 0, 2, 0] 
 
 Reachable states from S172 [2, 0, 1, 0, 1, 0, 0, 2, 0, 1, 0, 1, 0, 2, 0] 
 T7 => S169 [2, 0, 1, 0, 1, 0, 0, 2, 0, 1, 0, 0, 0, 1, 1] 
 T1 => S173 [1, 1, 0, 0, 1, 0, 0, 2, 0, 1, 0, 1, 0, 2, 0] 
 T11 => S192 [3, 0, 1, 1, 0, 0, 0, 2, 0, 1, 0, 1, 0, 2, 0] 
 T10 => S195 [2, 0, 1, 0, 1, 0, 1, 1, 0, 1, 0, 2, 0, 2, 0] 
 
 Reachable states from S173 [1, 1, 0, 0, 1, 0, 0, 2, 0, 1, 0, 1, 0, 2, 0] 
 T7 => S94 [1, 1, 0, 0, 1, 0, 0, 2, 0, 1, 0, 0, 0, 1, 1] 
 T10 => S108 [1, 1, 0, 0, 1, 0, 1, 1, 0, 1, 0, 2, 0, 2, 0] 
 T11 => S174 [2, 1, 0, 1, 0, 0, 0, 2, 0, 1, 0, 1, 0, 2, 0] 
 
 Reachable states from S174 [2, 1, 0, 1, 0, 0, 0, 2, 0, 1, 0, 1, 0, 2, 0] 
 T2 => S172 [2, 0, 1, 0, 1, 0, 0, 2, 0, 1, 0, 1, 0, 2, 0] 
 T7 => S175 [2, 1, 0, 1, 0, 0, 0, 2, 0, 1, 0, 0, 0, 1, 1] 
 T10 => S194 [2, 1, 0, 1, 0, 0, 1, 1, 0, 1, 0, 2, 0, 2, 0] 
 
 Reachable states from S175 [2, 1, 0, 1, 0, 0, 0, 2, 0, 1, 0, 0, 0, 1, 1] 
 T2 => S169 [2, 0, 1, 0, 1, 0, 0, 2, 0, 1, 0, 0, 0, 1, 1] 
 T8 => S176 [2, 1, 0, 1, 0, 0, 0, 2, 0, 0, 1, 0, 0, 2, 0] 
 T10 => S185 [2, 1, 0, 1, 0, 0, 1, 1, 0, 1, 0, 1, 0, 1, 1] 
 
 Reachable states from S176 [2, 1, 0, 1, 0, 0, 0, 2, 0, 0, 1, 0, 0, 2, 0] 
 T2 => S170 [2, 0, 1, 0, 1, 0, 0, 2, 0, 0, 1, 0, 0, 2, 0] 
 T10 => S177 [2, 1, 0, 1, 0, 0, 1, 1, 0, 0, 1, 1, 0, 2, 0] 
 
 Reachable states from S177 [2, 1, 0, 1, 0, 0, 1, 1, 0, 0, 1, 1, 0, 2, 0] 
 T2 => S171 [2, 0, 1, 0, 1, 0, 1, 1, 0, 0, 1, 1, 0, 2, 0] 
 T9 => S174 [2, 1, 0, 1, 0, 0, 0, 2, 0, 1, 0, 1, 0, 2, 0] 
 T3 => S178 [2, 0, 1, 1, 0, 1, 0, 1, 0, 0, 1, 1, 0, 2, 0] 
 T7 => S180 [2, 1, 0, 1, 0, 0, 1, 1, 0, 0, 1, 0, 0, 1, 1] 
 T10 => S251 [2, 1, 0, 1, 0, 0, 2, 0, 0, 0, 1, 2, 0, 2, 0] 
 
 Reachable states from S178 [2, 0, 1, 1, 0, 1, 0, 1, 0, 0, 1, 1, 0, 2, 0] 
 T10 => S133 [2, 0, 1, 1, 0, 1, 1, 0, 0, 0, 1, 2, 0, 2, 0] 
 T7 => S137 [2, 0, 1, 1, 0, 1, 0, 1, 0, 0, 1, 0, 0, 1, 1] 
 T1 => S179 [1, 1, 0, 1, 0, 1, 0, 1, 0, 0, 1, 1, 0, 2, 0] 
 
 Reachable states from S179 [1, 1, 0, 1, 0, 1, 0, 1, 0, 0, 1, 1, 0, 2, 0] 
 T7 => S70 [1, 1, 0, 1, 0, 1, 0, 1, 0, 0, 1, 0, 0, 1, 1] 
 T2 => S97 [1, 0, 1, 0, 1, 1, 0, 1, 0, 0, 1, 1, 0, 2, 0] 
 T10 => S131 [1, 1, 0, 1, 0, 1, 1, 0, 0, 0, 1, 2, 0, 2, 0] 
 
 Reachable states from S180 [2, 1, 0, 1, 0, 0, 1, 1, 0, 0, 1, 0, 0, 1, 1] 
 T3 => S137 [2, 0, 1, 1, 0, 1, 0, 1, 0, 0, 1, 0, 0, 1, 1] 
 T2 => S168 [2, 0, 1, 0, 1, 0, 1, 1, 0, 0, 1, 0, 0, 1, 1] 
 T9 => S175 [2, 1, 0, 1, 0, 0, 0, 2, 0, 1, 0, 0, 0, 1, 1] 
 T10 => S181 [2, 1, 0, 1, 0, 0, 2, 0, 0, 0, 1, 1, 0, 1, 1] 
 
 Reachable states from S181 [2, 1, 0, 1, 0, 0, 2, 0, 0, 0, 1, 1, 0, 1, 1] 
 T3 => S134 [2, 0, 1, 1, 0, 1, 1, 0, 0, 0, 1, 1, 0, 1, 1] 
 T7 => S165 [2, 1, 0, 1, 0, 0, 2, 0, 0, 0, 1, 0, 0, 0, 2] 
 T2 => S182 [2, 0, 1, 0, 1, 0, 2, 0, 0, 0, 1, 1, 0, 1, 1] 
 T9 => S185 [2, 1, 0, 1, 0, 0, 1, 1, 0, 1, 0, 1, 0, 1, 1] 
 
 Reachable states from S182 [2, 0, 1, 0, 1, 0, 2, 0, 0, 0, 1, 1, 0, 1, 1] 
 T1 => S163 [1, 1, 0, 0, 1, 0, 2, 0, 0, 0, 1, 1, 0, 1, 1] 
 T7 => S166 [2, 0, 1, 0, 1, 0, 2, 0, 0, 0, 1, 0, 0, 0, 2] 
 T9 => S183 [2, 0, 1, 0, 1, 0, 1, 1, 0, 1, 0, 1, 0, 1, 1] 
 T11 => S233 [3, 0, 1, 1, 0, 0, 2, 0, 0, 0, 1, 1, 0, 1, 1] 
 
 Reachable states from S183 [2, 0, 1, 0, 1, 0, 1, 1, 0, 1, 0, 1, 0, 1, 1] 
 T10 => S50 [2, 0, 1, 0, 1, 0, 2, 0, 0, 1, 0, 2, 0, 1, 1] 
 T1 => S91 [1, 1, 0, 0, 1, 0, 1, 1, 0, 1, 0, 1, 0, 1, 1] 
 T7 => S167 [2, 0, 1, 0, 1, 0, 1, 1, 0, 1, 0, 0, 0, 0, 2] 
 T8 => S171 [2, 0, 1, 0, 1, 0, 1, 1, 0, 0, 1, 1, 0, 2, 0] 
 T11 => S184 [3, 0, 1, 1, 0, 0, 1, 1, 0, 1, 0, 1, 0, 1, 1] 
 
 Reachable states from S184 [3, 0, 1, 1, 0, 0, 1, 1, 0, 1, 0, 1, 0, 1, 1] 
 T10 => S157 [3, 0, 1, 1, 0, 0, 2, 0, 0, 1, 0, 2, 0, 1, 1] 
 T1 => S185 [2, 1, 0, 1, 0, 0, 1, 1, 0, 1, 0, 1, 0, 1, 1] 
 T7 => S187 [3, 0, 1, 1, 0, 0, 1, 1, 0, 1, 0, 0, 0, 0, 2] 
 T8 => S191 [3, 0, 1, 1, 0, 0, 1, 1, 0, 0, 1, 1, 0, 2, 0] 
 
 Reachable states from S185 [2, 1, 0, 1, 0, 0, 1, 1, 0, 1, 0, 1, 0, 1, 1] 
 T3 => S138 [2, 0, 1, 1, 0, 1, 0, 1, 0, 1, 0, 1, 0, 1, 1] 
 T10 => S158 [2, 1, 0, 1, 0, 0, 2, 0, 0, 1, 0, 2, 0, 1, 1] 
 T8 => S177 [2, 1, 0, 1, 0, 0, 1, 1, 0, 0, 1, 1, 0, 2, 0] 
 T2 => S183 [2, 0, 1, 0, 1, 0, 1, 1, 0, 1, 0, 1, 0, 1, 1] 
 T7 => S186 [2, 1, 0, 1, 0, 0, 1, 1, 0, 1, 0, 0, 0, 0, 2] 
 
 Reachable states from S186 [2, 1, 0, 1, 0, 0, 1, 1, 0, 1, 0, 0, 0, 0, 2] 
 T3 => S136 [2, 0, 1, 1, 0, 1, 0, 1, 0, 1, 0, 0, 0, 0, 2] 
 T10 => S160 [2, 1, 0, 1, 0, 0, 2, 0, 0, 1, 0, 1, 0, 0, 2] 
 T2 => S167 [2, 0, 1, 0, 1, 0, 1, 1, 0, 1, 0, 0, 0, 0, 2] 
 T8 => S180 [2, 1, 0, 1, 0, 0, 1, 1, 0, 0, 1, 0, 0, 1, 1] 
 
 Reachable states from S187 [3, 0, 1, 1, 0, 0, 1, 1, 0, 1, 0, 0, 0, 0, 2] 
 T1 => S186 [2, 1, 0, 1, 0, 0, 1, 1, 0, 1, 0, 0, 0, 0, 2] 
 T8 => S188 [3, 0, 1, 1, 0, 0, 1, 1, 0, 0, 1, 0, 0, 1, 1] 
 T10 => S259 [3, 0, 1, 1, 0, 0, 2, 0, 0, 1, 0, 1, 0, 0, 2] 
 
 Reachable states from S188 [3, 0, 1, 1, 0, 0, 1, 1, 0, 0, 1, 0, 0, 1, 1] 
 T1 => S180 [2, 1, 0, 1, 0, 0, 1, 1, 0, 0, 1, 0, 0, 1, 1] 
 T9 => S189 [3, 0, 1, 1, 0, 0, 0, 2, 0, 1, 0, 0, 0, 1, 1] 
 T10 => S233 [3, 0, 1, 1, 0, 0, 2, 0, 0, 0, 1, 1, 0, 1, 1] 
 
 Reachable states from S189 [3, 0, 1, 1, 0, 0, 0, 2, 0, 1, 0, 0, 0, 1, 1] 
 T1 => S175 [2, 1, 0, 1, 0, 0, 0, 2, 0, 1, 0, 0, 0, 1, 1] 
 T10 => S184 [3, 0, 1, 1, 0, 0, 1, 1, 0, 1, 0, 1, 0, 1, 1] 
 T8 => S190 [3, 0, 1, 1, 0, 0, 0, 2, 0, 0, 1, 0, 0, 2, 0] 
 
 Reachable states from S190 [3, 0, 1, 1, 0, 0, 0, 2, 0, 0, 1, 0, 0, 2, 0] 
 T1 => S176 [2, 1, 0, 1, 0, 0, 0, 2, 0, 0, 1, 0, 0, 2, 0] 
 T10 => S191 [3, 0, 1, 1, 0, 0, 1, 1, 0, 0, 1, 1, 0, 2, 0] 
 
 Reachable states from S191 [3, 0, 1, 1, 0, 0, 1, 1, 0, 0, 1, 1, 0, 2, 0] 
 T1 => S177 [2, 1, 0, 1, 0, 0, 1, 1, 0, 0, 1, 1, 0, 2, 0] 
 T7 => S188 [3, 0, 1, 1, 0, 0, 1, 1, 0, 0, 1, 0, 0, 1, 1] 
 T9 => S192 [3, 0, 1, 1, 0, 0, 0, 2, 0, 1, 0, 1, 0, 2, 0] 
 T10 => S253 [3, 0, 1, 1, 0, 0, 2, 0, 0, 0, 1, 2, 0, 2, 0] 
 
 Reachable states from S192 [3, 0, 1, 1, 0, 0, 0, 2, 0, 1, 0, 1, 0, 2, 0] 
 T1 => S174 [2, 1, 0, 1, 0, 0, 0, 2, 0, 1, 0, 1, 0, 2, 0] 
 T7 => S189 [3, 0, 1, 1, 0, 0, 0, 2, 0, 1, 0, 0, 0, 1, 1] 
 T10 => S193 [3, 0, 1, 1, 0, 0, 1, 1, 0, 1, 0, 2, 0, 2, 0] 
 
 Reachable states from S193 [3, 0, 1, 1, 0, 0, 1, 1, 0, 1, 0, 2, 0, 2, 0] 
 T10 => S0 [3, 0, 1, 1, 0, 0, 2, 0, 0, 1, 0, 3, 0, 2, 0] 
 T7 => S184 [3, 0, 1, 1, 0, 0, 1, 1, 0, 1, 0, 1, 0, 1, 1] 
 T1 => S194 [2, 1, 0, 1, 0, 0, 1, 1, 0, 1, 0, 2, 0, 2, 0] 
 
 Reachable states from S194 [2, 1, 0, 1, 0, 0, 1, 1, 0, 1, 0, 2, 0, 2, 0] 
 T10 => S1 [2, 1, 0, 1, 0, 0, 2, 0, 0, 1, 0, 3, 0, 2, 0] 
 T7 => S185 [2, 1, 0, 1, 0, 0, 1, 1, 0, 1, 0, 1, 0, 1, 1] 
 T2 => S195 [2, 0, 1, 0, 1, 0, 1, 1, 0, 1, 0, 2, 0, 2, 0] 
 T3 => S196 [2, 0, 1, 1, 0, 1, 0, 1, 0, 1, 0, 2, 0, 2, 0] 
 
 Reachable states from S195 [2, 0, 1, 0, 1, 0, 1, 1, 0, 1, 0, 2, 0, 2, 0] 
 T10 => S2 [2, 0, 1, 0, 1, 0, 2, 0, 0, 1, 0, 3, 0, 2, 0] 
 T1 => S108 [1, 1, 0, 0, 1, 0, 1, 1, 0, 1, 0, 2, 0, 2, 0] 
 T7 => S183 [2, 0, 1, 0, 1, 0, 1, 1, 0, 1, 0, 1, 0, 1, 1] 
 T11 => S193 [3, 0, 1, 1, 0, 0, 1, 1, 0, 1, 0, 2, 0, 2, 0] 
 
 Reachable states from S196 [2, 0, 1, 1, 0, 1, 0, 1, 0, 1, 0, 2, 0, 2, 0] 
 T7 => S138 [2, 0, 1, 1, 0, 1, 0, 1, 0, 1, 0, 1, 0, 1, 1] 
 T1 => S197 [1, 1, 0, 1, 0, 1, 0, 1, 0, 1, 0, 2, 0, 2, 0] 
 T4 => S256 [2, 0, 1, 1, 0, 0, 1, 1, 1, 0, 0, 2, 0, 2, 0] 
 T10 => S258 [2, 0, 1, 1, 0, 1, 1, 0, 0, 1, 0, 3, 0, 2, 0] 
 
 Reachable states from S197 [1, 1, 0, 1, 0, 1, 0, 1, 0, 1, 0, 2, 0, 2, 0] 
 T7 => S81 [1, 1, 0, 1, 0, 1, 0, 1, 0, 1, 0, 1, 0, 1, 1] 
 T2 => S109 [1, 0, 1, 0, 1, 1, 0, 1, 0, 1, 0, 2, 0, 2, 0] 
 T10 => S127 [1, 1, 0, 1, 0, 1, 1, 0, 0, 1, 0, 3, 0, 2, 0] 
 T4 => S198 [1, 1, 0, 1, 0, 0, 1, 1, 1, 0, 0, 2, 0, 2, 0] 
 
 Reachable states from S198 [1, 1, 0, 1, 0, 0, 1, 1, 1, 0, 0, 2, 0, 2, 0] 
 T2 => S110 [1, 0, 1, 0, 1, 0, 1, 1, 1, 0, 0, 2, 0, 2, 0] 
 T10 => S113 [1, 1, 0, 1, 0, 0, 2, 0, 1, 0, 0, 3, 0, 2, 0] 
 T7 => S140 [1, 1, 0, 1, 0, 0, 1, 1, 1, 0, 0, 1, 0, 1, 1] 
 T3 => S199 [1, 0, 1, 1, 0, 1, 0, 1, 1, 0, 0, 2, 0, 2, 0] 
 T5 => S209 [1, 1, 0, 1, 0, 0, 1, 1, 0, 1, 0, 2, 1, 1, 0] 
 
 Reachable states from S199 [1, 0, 1, 1, 0, 1, 0, 1, 1, 0, 0, 2, 0, 2, 0] 
 T10 => S114 [1, 0, 1, 1, 0, 1, 1, 0, 1, 0, 0, 3, 0, 2, 0] 
 T7 => S141 [1, 0, 1, 1, 0, 1, 0, 1, 1, 0, 0, 1, 0, 1, 1] 
 T1 => S200 [0, 1, 0, 1, 0, 1, 0, 1, 1, 0, 0, 2, 0, 2, 0] 
 T5 => S210 [1, 0, 1, 1, 0, 1, 0, 1, 0, 1, 0, 2, 1, 1, 0] 
 
 Reachable states from S200 [0, 1, 0, 1, 0, 1, 0, 1, 1, 0, 0, 2, 0, 2, 0] 
 T2 => S102 [0, 0, 1, 0, 1, 1, 0, 1, 1, 0, 0, 2, 0, 2, 0] 
 T10 => S115 [0, 1, 0, 1, 0, 1, 1, 0, 1, 0, 0, 3, 0, 2, 0] 
 T7 => S142 [0, 1, 0, 1, 0, 1, 0, 1, 1, 0, 0, 1, 0, 1, 1] 
 T5 => S201 [0, 1, 0, 1, 0, 1, 0, 1, 0, 1, 0, 2, 1, 1, 0] 
 
 Reachable states from S201 [0, 1, 0, 1, 0, 1, 0, 1, 0, 1, 0, 2, 1, 1, 0] 
 T2 => S103 [0, 0, 1, 0, 1, 1, 0, 1, 0, 1, 0, 2, 1, 1, 0] 
 T10 => S126 [0, 1, 0, 1, 0, 1, 1, 0, 0, 1, 0, 3, 1, 1, 0] 
 T7 => S143 [0, 1, 0, 1, 0, 1, 0, 1, 0, 1, 0, 1, 1, 0, 1] 
 T6 => S197 [1, 1, 0, 1, 0, 1, 0, 1, 0, 1, 0, 2, 0, 2, 0] 
 T4 => S202 [0, 1, 0, 1, 0, 0, 1, 1, 1, 0, 0, 2, 1, 1, 0] 
 
 Reachable states from S202 [0, 1, 0, 1, 0, 0, 1, 1, 1, 0, 0, 2, 1, 1, 0] 
 T2 => S104 [0, 0, 1, 0, 1, 0, 1, 1, 1, 0, 0, 2, 1, 1, 0] 
 T10 => S122 [0, 1, 0, 1, 0, 0, 2, 0, 1, 0, 0, 3, 1, 1, 0] 
 T7 => S144 [0, 1, 0, 1, 0, 0, 1, 1, 1, 0, 0, 1, 1, 0, 1] 
 T6 => S198 [1, 1, 0, 1, 0, 0, 1, 1, 1, 0, 0, 2, 0, 2, 0] 
 T3 => S203 [0, 0, 1, 1, 0, 1, 0, 1, 1, 0, 0, 2, 1, 1, 0] 
 T5 => S208 [0, 1, 0, 1, 0, 0, 1, 1, 0, 1, 0, 2, 2, 0, 0] 
 
 Reachable states from S203 [0, 0, 1, 1, 0, 1, 0, 1, 1, 0, 0, 2, 1, 1, 0] 
 T10 => S118 [0, 0, 1, 1, 0, 1, 1, 0, 1, 0, 0, 3, 1, 1, 0] 
 T7 => S145 [0, 0, 1, 1, 0, 1, 0, 1, 1, 0, 0, 1, 1, 0, 1] 
 T6 => S199 [1, 0, 1, 1, 0, 1, 0, 1, 1, 0, 0, 2, 0, 2, 0] 
 T5 => S204 [0, 0, 1, 1, 0, 1, 0, 1, 0, 1, 0, 2, 2, 0, 0] 
 
 Reachable states from S204 [0, 0, 1, 1, 0, 1, 0, 1, 0, 1, 0, 2, 2, 0, 0] 
 T10 => S119 [0, 0, 1, 1, 0, 1, 1, 0, 0, 1, 0, 3, 2, 0, 0] 
 T4 => S205 [0, 0, 1, 1, 0, 0, 1, 1, 1, 0, 0, 2, 2, 0, 0] 
 T6 => S210 [1, 0, 1, 1, 0, 1, 0, 1, 0, 1, 0, 2, 1, 1, 0] 
 
 Reachable states from S205 [0, 0, 1, 1, 0, 0, 1, 1, 1, 0, 0, 2, 2, 0, 0] 
 T10 => S120 [0, 0, 1, 1, 0, 0, 2, 0, 1, 0, 0, 3, 2, 0, 0] 
 T6 => S206 [1, 0, 1, 1, 0, 0, 1, 1, 1, 0, 0, 2, 1, 1, 0] 
 
 Reachable states from S206 [1, 0, 1, 1, 0, 0, 1, 1, 1, 0, 0, 2, 1, 1, 0] 
 T10 => S121 [1, 0, 1, 1, 0, 0, 2, 0, 1, 0, 0, 3, 1, 1, 0] 
 T7 => S153 [1, 0, 1, 1, 0, 0, 1, 1, 1, 0, 0, 1, 1, 0, 1] 
 T1 => S202 [0, 1, 0, 1, 0, 0, 1, 1, 1, 0, 0, 2, 1, 1, 0] 
 T5 => S207 [1, 0, 1, 1, 0, 0, 1, 1, 0, 1, 0, 2, 2, 0, 0] 
 T6 => S256 [2, 0, 1, 1, 0, 0, 1, 1, 1, 0, 0, 2, 0, 2, 0] 
 
 Reachable states from S207 [1, 0, 1, 1, 0, 0, 1, 1, 0, 1, 0, 2, 2, 0, 0] 
 T1 => S208 [0, 1, 0, 1, 0, 0, 1, 1, 0, 1, 0, 2, 2, 0, 0] 
 T6 => S241 [2, 0, 1, 1, 0, 0, 1, 1, 0, 1, 0, 2, 1, 1, 0] 
 T10 => S255 [1, 0, 1, 1, 0, 0, 2, 0, 0, 1, 0, 3, 2, 0, 0] 
 
 Reachable states from S208 [0, 1, 0, 1, 0, 0, 1, 1, 0, 1, 0, 2, 2, 0, 0] 
 T2 => S105 [0, 0, 1, 0, 1, 0, 1, 1, 0, 1, 0, 2, 2, 0, 0] 
 T10 => S123 [0, 1, 0, 1, 0, 0, 2, 0, 0, 1, 0, 3, 2, 0, 0] 
 T3 => S204 [0, 0, 1, 1, 0, 1, 0, 1, 0, 1, 0, 2, 2, 0, 0] 
 T6 => S209 [1, 1, 0, 1, 0, 0, 1, 1, 0, 1, 0, 2, 1, 1, 0] 
 
 Reachable states from S209 [1, 1, 0, 1, 0, 0, 1, 1, 0, 1, 0, 2, 1, 1, 0] 
 T2 => S106 [1, 0, 1, 0, 1, 0, 1, 1, 0, 1, 0, 2, 1, 1, 0] 
 T10 => S124 [1, 1, 0, 1, 0, 0, 2, 0, 0, 1, 0, 3, 1, 1, 0] 
 T6 => S194 [2, 1, 0, 1, 0, 0, 1, 1, 0, 1, 0, 2, 0, 2, 0] 
 T3 => S210 [1, 0, 1, 1, 0, 1, 0, 1, 0, 1, 0, 2, 1, 1, 0] 
 T7 => S211 [1, 1, 0, 1, 0, 0, 1, 1, 0, 1, 0, 1, 1, 0, 1] 
 
 Reachable states from S210 [1, 0, 1, 1, 0, 1, 0, 1, 0, 1, 0, 2, 1, 1, 0] 
 T10 => S125 [1, 0, 1, 1, 0, 1, 1, 0, 0, 1, 0, 3, 1, 1, 0] 
 T7 => S152 [1, 0, 1, 1, 0, 1, 0, 1, 0, 1, 0, 1, 1, 0, 1] 
 T6 => S196 [2, 0, 1, 1, 0, 1, 0, 1, 0, 1, 0, 2, 0, 2, 0] 
 T1 => S201 [0, 1, 0, 1, 0, 1, 0, 1, 0, 1, 0, 2, 1, 1, 0] 
 T4 => S206 [1, 0, 1, 1, 0, 0, 1, 1, 1, 0, 0, 2, 1, 1, 0] 
 
 Reachable states from S211 [1, 1, 0, 1, 0, 0, 1, 1, 0, 1, 0, 1, 1, 0, 1] 
 T10 => S48 [1, 1, 0, 1, 0, 0, 2, 0, 0, 1, 0, 2, 1, 0, 1] 
 T2 => S89 [1, 0, 1, 0, 1, 0, 1, 1, 0, 1, 0, 1, 1, 0, 1] 
 T3 => S152 [1, 0, 1, 1, 0, 1, 0, 1, 0, 1, 0, 1, 1, 0, 1] 
 T6 => S185 [2, 1, 0, 1, 0, 0, 1, 1, 0, 1, 0, 1, 0, 1, 1] 
 T8 => S212 [1, 1, 0, 1, 0, 0, 1, 1, 0, 0, 1, 1, 1, 1, 0] 
 
 Reachable states from S212 [1, 1, 0, 1, 0, 0, 1, 1, 0, 0, 1, 1, 1, 1, 0] 
 T6 => S177 [2, 1, 0, 1, 0, 0, 1, 1, 0, 0, 1, 1, 0, 2, 0] 
 T2 => S213 [1, 0, 1, 0, 1, 0, 1, 1, 0, 0, 1, 1, 1, 1, 0] 
 T7 => S223 [1, 1, 0, 1, 0, 0, 1, 1, 0, 0, 1, 0, 1, 0, 1] 
 T9 => S238 [1, 1, 0, 1, 0, 0, 0, 2, 0, 1, 0, 1, 1, 1, 0] 
 T10 => S244 [1, 1, 0, 1, 0, 0, 2, 0, 0, 0, 1, 2, 1, 1, 0] 
 T3 => S254 [1, 0, 1, 1, 0, 1, 0, 1, 0, 0, 1, 1, 1, 1, 0] 
 
 Reachable states from S213 [1, 0, 1, 0, 1, 0, 1, 1, 0, 0, 1, 1, 1, 1, 0] 
 T6 => S171 [2, 0, 1, 0, 1, 0, 1, 1, 0, 0, 1, 1, 0, 2, 0] 
 T1 => S214 [0, 1, 0, 0, 1, 0, 1, 1, 0, 0, 1, 1, 1, 1, 0] 
 T11 => S221 [2, 0, 1, 1, 0, 0, 1, 1, 0, 0, 1, 1, 1, 1, 0] 
 T7 => S224 [1, 0, 1, 0, 1, 0, 1, 1, 0, 0, 1, 0, 1, 0, 1] 
 T9 => S239 [1, 0, 1, 0, 1, 0, 0, 2, 0, 1, 0, 1, 1, 1, 0] 
 T10 => S245 [1, 0, 1, 0, 1, 0, 2, 0, 0, 0, 1, 2, 1, 1, 0] 
 
 Reachable states from S214 [0, 1, 0, 0, 1, 0, 1, 1, 0, 0, 1, 1, 1, 1, 0] 
 T6 => S96 [1, 1, 0, 0, 1, 0, 1, 1, 0, 0, 1, 1, 0, 2, 0] 
 T3 => S147 [0, 0, 1, 0, 1, 1, 0, 1, 0, 0, 1, 1, 1, 1, 0] 
 T11 => S212 [1, 1, 0, 1, 0, 0, 1, 1, 0, 0, 1, 1, 1, 1, 0] 
 T7 => S215 [0, 1, 0, 0, 1, 0, 1, 1, 0, 0, 1, 0, 1, 0, 1] 
 T9 => S240 [0, 1, 0, 0, 1, 0, 0, 2, 0, 1, 0, 1, 1, 1, 0] 
 T10 => S246 [0, 1, 0, 0, 1, 0, 2, 0, 0, 0, 1, 2, 1, 1, 0] 
 
 Reachable states from S215 [0, 1, 0, 0, 1, 0, 1, 1, 0, 0, 1, 0, 1, 0, 1] 
 T6 => S93 [1, 1, 0, 0, 1, 0, 1, 1, 0, 0, 1, 0, 0, 1, 1] 
 T3 => S148 [0, 0, 1, 0, 1, 1, 0, 1, 0, 0, 1, 0, 1, 0, 1] 
 T9 => S216 [0, 1, 0, 0, 1, 0, 0, 2, 0, 1, 0, 0, 1, 0, 1] 
 T11 => S223 [1, 1, 0, 1, 0, 0, 1, 1, 0, 0, 1, 0, 1, 0, 1] 
 T10 => S230 [0, 1, 0, 0, 1, 0, 2, 0, 0, 0, 1, 1, 1, 0, 1] 
 
 Reachable states from S216 [0, 1, 0, 0, 1, 0, 0, 2, 0, 1, 0, 0, 1, 0, 1] 
 T10 => S90 [0, 1, 0, 0, 1, 0, 1, 1, 0, 1, 0, 1, 1, 0, 1] 
 T6 => S94 [1, 1, 0, 0, 1, 0, 0, 2, 0, 1, 0, 0, 0, 1, 1] 
 T8 => S217 [0, 1, 0, 0, 1, 0, 0, 2, 0, 0, 1, 0, 1, 1, 0] 
 T11 => S227 [1, 1, 0, 1, 0, 0, 0, 2, 0, 1, 0, 0, 1, 0, 1] 
 
 Reachable states from S217 [0, 1, 0, 0, 1, 0, 0, 2, 0, 0, 1, 0, 1, 1, 0] 
 T6 => S95 [1, 1, 0, 0, 1, 0, 0, 2, 0, 0, 1, 0, 0, 2, 0] 
 T10 => S214 [0, 1, 0, 0, 1, 0, 1, 1, 0, 0, 1, 1, 1, 1, 0] 
 T11 => S218 [1, 1, 0, 1, 0, 0, 0, 2, 0, 0, 1, 0, 1, 1, 0] 
 
 Reachable states from S218 [1, 1, 0, 1, 0, 0, 0, 2, 0, 0, 1, 0, 1, 1, 0] 
 T6 => S176 [2, 1, 0, 1, 0, 0, 0, 2, 0, 0, 1, 0, 0, 2, 0] 
 T10 => S212 [1, 1, 0, 1, 0, 0, 1, 1, 0, 0, 1, 1, 1, 1, 0] 
 T2 => S219 [1, 0, 1, 0, 1, 0, 0, 2, 0, 0, 1, 0, 1, 1, 0] 
 
 Reachable states from S219 [1, 0, 1, 0, 1, 0, 0, 2, 0, 0, 1, 0, 1, 1, 0] 
 T6 => S170 [2, 0, 1, 0, 1, 0, 0, 2, 0, 0, 1, 0, 0, 2, 0] 
 T10 => S213 [1, 0, 1, 0, 1, 0, 1, 1, 0, 0, 1, 1, 1, 1, 0] 
 T1 => S217 [0, 1, 0, 0, 1, 0, 0, 2, 0, 0, 1, 0, 1, 1, 0] 
 T11 => S220 [2, 0, 1, 1, 0, 0, 0, 2, 0, 0, 1, 0, 1, 1, 0] 
 
 Reachable states from S220 [2, 0, 1, 1, 0, 0, 0, 2, 0, 0, 1, 0, 1, 1, 0] 
 T6 => S190 [3, 0, 1, 1, 0, 0, 0, 2, 0, 0, 1, 0, 0, 2, 0] 
 T1 => S218 [1, 1, 0, 1, 0, 0, 0, 2, 0, 0, 1, 0, 1, 1, 0] 
 T10 => S221 [2, 0, 1, 1, 0, 0, 1, 1, 0, 0, 1, 1, 1, 1, 0] 
 
 Reachable states from S221 [2, 0, 1, 1, 0, 0, 1, 1, 0, 0, 1, 1, 1, 1, 0] 
 T6 => S191 [3, 0, 1, 1, 0, 0, 1, 1, 0, 0, 1, 1, 0, 2, 0] 
 T1 => S212 [1, 1, 0, 1, 0, 0, 1, 1, 0, 0, 1, 1, 1, 1, 0] 
 T7 => S222 [2, 0, 1, 1, 0, 0, 1, 1, 0, 0, 1, 0, 1, 0, 1] 
 T9 => S237 [2, 0, 1, 1, 0, 0, 0, 2, 0, 1, 0, 1, 1, 1, 0] 
 T10 => S243 [2, 0, 1, 1, 0, 0, 2, 0, 0, 0, 1, 2, 1, 1, 0] 
 
 Reachable states from S222 [2, 0, 1, 1, 0, 0, 1, 1, 0, 0, 1, 0, 1, 0, 1] 
 T6 => S188 [3, 0, 1, 1, 0, 0, 1, 1, 0, 0, 1, 0, 0, 1, 1] 
 T1 => S223 [1, 1, 0, 1, 0, 0, 1, 1, 0, 0, 1, 0, 1, 0, 1] 
 T9 => S226 [2, 0, 1, 1, 0, 0, 0, 2, 0, 1, 0, 0, 1, 0, 1] 
 T10 => S232 [2, 0, 1, 1, 0, 0, 2, 0, 0, 0, 1, 1, 1, 0, 1] 
 
 Reachable states from S223 [1, 1, 0, 1, 0, 0, 1, 1, 0, 0, 1, 0, 1, 0, 1] 
 T6 => S180 [2, 1, 0, 1, 0, 0, 1, 1, 0, 0, 1, 0, 0, 1, 1] 
 T2 => S224 [1, 0, 1, 0, 1, 0, 1, 1, 0, 0, 1, 0, 1, 0, 1] 
 T9 => S227 [1, 1, 0, 1, 0, 0, 0, 2, 0, 1, 0, 0, 1, 0, 1] 
 T10 => S231 [1, 1, 0, 1, 0, 0, 2, 0, 0, 0, 1, 1, 1, 0, 1] 
 T3 => S235 [1, 0, 1, 1, 0, 1, 0, 1, 0, 0, 1, 0, 1, 0, 1] 
 
 Reachable states from S224 [1, 0, 1, 0, 1, 0, 1, 1, 0, 0, 1, 0, 1, 0, 1] 
 T6 => S168 [2, 0, 1, 0, 1, 0, 1, 1, 0, 0, 1, 0, 0, 1, 1] 
 T1 => S215 [0, 1, 0, 0, 1, 0, 1, 1, 0, 0, 1, 0, 1, 0, 1] 
 T11 => S222 [2, 0, 1, 1, 0, 0, 1, 1, 0, 0, 1, 0, 1, 0, 1] 
 T9 => S225 [1, 0, 1, 0, 1, 0, 0, 2, 0, 1, 0, 0, 1, 0, 1] 
 T10 => S229 [1, 0, 1, 0, 1, 0, 2, 0, 0, 0, 1, 1, 1, 0, 1] 
 
 Reachable states from S225 [1, 0, 1, 0, 1, 0, 0, 2, 0, 1, 0, 0, 1, 0, 1] 
 T10 => S89 [1, 0, 1, 0, 1, 0, 1, 1, 0, 1, 0, 1, 1, 0, 1] 
 T6 => S169 [2, 0, 1, 0, 1, 0, 0, 2, 0, 1, 0, 0, 0, 1, 1] 
 T1 => S216 [0, 1, 0, 0, 1, 0, 0, 2, 0, 1, 0, 0, 1, 0, 1] 
 T8 => S219 [1, 0, 1, 0, 1, 0, 0, 2, 0, 0, 1, 0, 1, 1, 0] 
 T11 => S226 [2, 0, 1, 1, 0, 0, 0, 2, 0, 1, 0, 0, 1, 0, 1] 
 
 Reachable states from S226 [2, 0, 1, 1, 0, 0, 0, 2, 0, 1, 0, 0, 1, 0, 1] 
 T6 => S189 [3, 0, 1, 1, 0, 0, 0, 2, 0, 1, 0, 0, 0, 1, 1] 
 T8 => S220 [2, 0, 1, 1, 0, 0, 0, 2, 0, 0, 1, 0, 1, 1, 0] 
 T1 => S227 [1, 1, 0, 1, 0, 0, 0, 2, 0, 1, 0, 0, 1, 0, 1] 
 T10 => S228 [2, 0, 1, 1, 0, 0, 1, 1, 0, 1, 0, 1, 1, 0, 1] 
 
 Reachable states from S227 [1, 1, 0, 1, 0, 0, 0, 2, 0, 1, 0, 0, 1, 0, 1] 
 T6 => S175 [2, 1, 0, 1, 0, 0, 0, 2, 0, 1, 0, 0, 0, 1, 1] 
 T10 => S211 [1, 1, 0, 1, 0, 0, 1, 1, 0, 1, 0, 1, 1, 0, 1] 
 T8 => S218 [1, 1, 0, 1, 0, 0, 0, 2, 0, 0, 1, 0, 1, 1, 0] 
 T2 => S225 [1, 0, 1, 0, 1, 0, 0, 2, 0, 1, 0, 0, 1, 0, 1] 
 
 Reachable states from S228 [2, 0, 1, 1, 0, 0, 1, 1, 0, 1, 0, 1, 1, 0, 1] 
 T10 => S156 [2, 0, 1, 1, 0, 0, 2, 0, 0, 1, 0, 2, 1, 0, 1] 
 T6 => S184 [3, 0, 1, 1, 0, 0, 1, 1, 0, 1, 0, 1, 0, 1, 1] 
 T1 => S211 [1, 1, 0, 1, 0, 0, 1, 1, 0, 1, 0, 1, 1, 0, 1] 
 T8 => S221 [2, 0, 1, 1, 0, 0, 1, 1, 0, 0, 1, 1, 1, 1, 0] 
 
 Reachable states from S229 [1, 0, 1, 0, 1, 0, 2, 0, 0, 0, 1, 1, 1, 0, 1] 
 T9 => S89 [1, 0, 1, 0, 1, 0, 1, 1, 0, 1, 0, 1, 1, 0, 1] 
 T6 => S182 [2, 0, 1, 0, 1, 0, 2, 0, 0, 0, 1, 1, 0, 1, 1] 
 T1 => S230 [0, 1, 0, 0, 1, 0, 2, 0, 0, 0, 1, 1, 1, 0, 1] 
 T11 => S232 [2, 0, 1, 1, 0, 0, 2, 0, 0, 0, 1, 1, 1, 0, 1] 
 
 Reachable states from S230 [0, 1, 0, 0, 1, 0, 2, 0, 0, 0, 1, 1, 1, 0, 1] 
 T9 => S90 [0, 1, 0, 0, 1, 0, 1, 1, 0, 1, 0, 1, 1, 0, 1] 
 T3 => S149 [0, 0, 1, 0, 1, 1, 1, 0, 0, 0, 1, 1, 1, 0, 1] 
 T6 => S163 [1, 1, 0, 0, 1, 0, 2, 0, 0, 0, 1, 1, 0, 1, 1] 
 T11 => S231 [1, 1, 0, 1, 0, 0, 2, 0, 0, 0, 1, 1, 1, 0, 1] 
 
 Reachable states from S231 [1, 1, 0, 1, 0, 0, 2, 0, 0, 0, 1, 1, 1, 0, 1] 
 T3 => S150 [1, 0, 1, 1, 0, 1, 1, 0, 0, 0, 1, 1, 1, 0, 1] 
 T6 => S181 [2, 1, 0, 1, 0, 0, 2, 0, 0, 0, 1, 1, 0, 1, 1] 
 T9 => S211 [1, 1, 0, 1, 0, 0, 1, 1, 0, 1, 0, 1, 1, 0, 1] 
 T2 => S229 [1, 0, 1, 0, 1, 0, 2, 0, 0, 0, 1, 1, 1, 0, 1] 
 
 Reachable states from S232 [2, 0, 1, 1, 0, 0, 2, 0, 0, 0, 1, 1, 1, 0, 1] 
 T9 => S228 [2, 0, 1, 1, 0, 0, 1, 1, 0, 1, 0, 1, 1, 0, 1] 
 T1 => S231 [1, 1, 0, 1, 0, 0, 2, 0, 0, 0, 1, 1, 1, 0, 1] 
 T6 => S233 [3, 0, 1, 1, 0, 0, 2, 0, 0, 0, 1, 1, 0, 1, 1] 
 
 Reachable states from S233 [3, 0, 1, 1, 0, 0, 2, 0, 0, 0, 1, 1, 0, 1, 1] 
 T1 => S181 [2, 1, 0, 1, 0, 0, 2, 0, 0, 0, 1, 1, 0, 1, 1] 
 T9 => S184 [3, 0, 1, 1, 0, 0, 1, 1, 0, 1, 0, 1, 0, 1, 1] 
 T7 => S234 [3, 0, 1, 1, 0, 0, 2, 0, 0, 0, 1, 0, 0, 0, 2] 
 
 Reachable states from S234 [3, 0, 1, 1, 0, 0, 2, 0, 0, 0, 1, 0, 0, 0, 2] 
 T1 => S165 [2, 1, 0, 1, 0, 0, 2, 0, 0, 0, 1, 0, 0, 0, 2] 
 T9 => S187 [3, 0, 1, 1, 0, 0, 1, 1, 0, 1, 0, 0, 0, 0, 2] 
 
 Reachable states from S235 [1, 0, 1, 1, 0, 1, 0, 1, 0, 0, 1, 0, 1, 0, 1] 
 T6 => S137 [2, 0, 1, 1, 0, 1, 0, 1, 0, 0, 1, 0, 0, 1, 1] 
 T10 => S150 [1, 0, 1, 1, 0, 1, 1, 0, 0, 0, 1, 1, 1, 0, 1] 
 T1 => S236 [0, 1, 0, 1, 0, 1, 0, 1, 0, 0, 1, 0, 1, 0, 1] 
 
 Reachable states from S236 [0, 1, 0, 1, 0, 1, 0, 1, 0, 0, 1, 0, 1, 0, 1] 
 T6 => S70 [1, 1, 0, 1, 0, 1, 0, 1, 0, 0, 1, 0, 0, 1, 1] 
 T2 => S148 [0, 0, 1, 0, 1, 1, 0, 1, 0, 0, 1, 0, 1, 0, 1] 
 T10 => S151 [0, 1, 0, 1, 0, 1, 1, 0, 0, 0, 1, 1, 1, 0, 1] 
 
 Reachable states from S237 [2, 0, 1, 1, 0, 0, 0, 2, 0, 1, 0, 1, 1, 1, 0] 
 T6 => S192 [3, 0, 1, 1, 0, 0, 0, 2, 0, 1, 0, 1, 0, 2, 0] 
 T7 => S226 [2, 0, 1, 1, 0, 0, 0, 2, 0, 1, 0, 0, 1, 0, 1] 
 T1 => S238 [1, 1, 0, 1, 0, 0, 0, 2, 0, 1, 0, 1, 1, 1, 0] 
 T10 => S241 [2, 0, 1, 1, 0, 0, 1, 1, 0, 1, 0, 2, 1, 1, 0] 
 
 Reachable states from S238 [1, 1, 0, 1, 0, 0, 0, 2, 0, 1, 0, 1, 1, 1, 0] 
 T6 => S174 [2, 1, 0, 1, 0, 0, 0, 2, 0, 1, 0, 1, 0, 2, 0] 
 T10 => S209 [1, 1, 0, 1, 0, 0, 1, 1, 0, 1, 0, 2, 1, 1, 0] 
 T7 => S227 [1, 1, 0, 1, 0, 0, 0, 2, 0, 1, 0, 0, 1, 0, 1] 
 T2 => S239 [1, 0, 1, 0, 1, 0, 0, 2, 0, 1, 0, 1, 1, 1, 0] 
 
 Reachable states from S239 [1, 0, 1, 0, 1, 0, 0, 2, 0, 1, 0, 1, 1, 1, 0] 
 T10 => S106 [1, 0, 1, 0, 1, 0, 1, 1, 0, 1, 0, 2, 1, 1, 0] 
 T6 => S172 [2, 0, 1, 0, 1, 0, 0, 2, 0, 1, 0, 1, 0, 2, 0] 
 T7 => S225 [1, 0, 1, 0, 1, 0, 0, 2, 0, 1, 0, 0, 1, 0, 1] 
 T11 => S237 [2, 0, 1, 1, 0, 0, 0, 2, 0, 1, 0, 1, 1, 1, 0] 
 T1 => S240 [0, 1, 0, 0, 1, 0, 0, 2, 0, 1, 0, 1, 1, 1, 0] 
 
 Reachable states from S240 [0, 1, 0, 0, 1, 0, 0, 2, 0, 1, 0, 1, 1, 1, 0] 
 T10 => S107 [0, 1, 0, 0, 1, 0, 1, 1, 0, 1, 0, 2, 1, 1, 0] 
 T6 => S173 [1, 1, 0, 0, 1, 0, 0, 2, 0, 1, 0, 1, 0, 2, 0] 
 T7 => S216 [0, 1, 0, 0, 1, 0, 0, 2, 0, 1, 0, 0, 1, 0, 1] 
 T11 => S238 [1, 1, 0, 1, 0, 0, 0, 2, 0, 1, 0, 1, 1, 1, 0] 
 
 Reachable states from S241 [2, 0, 1, 1, 0, 0, 1, 1, 0, 1, 0, 2, 1, 1, 0] 
 T6 => S193 [3, 0, 1, 1, 0, 0, 1, 1, 0, 1, 0, 2, 0, 2, 0] 
 T1 => S209 [1, 1, 0, 1, 0, 0, 1, 1, 0, 1, 0, 2, 1, 1, 0] 
 T7 => S228 [2, 0, 1, 1, 0, 0, 1, 1, 0, 1, 0, 1, 1, 0, 1] 
 T10 => S242 [2, 0, 1, 1, 0, 0, 2, 0, 0, 1, 0, 3, 1, 1, 0] 
 
 Reachable states from S242 [2, 0, 1, 1, 0, 0, 2, 0, 0, 1, 0, 3, 1, 1, 0] 
 T6 => S0 [3, 0, 1, 1, 0, 0, 2, 0, 0, 1, 0, 3, 0, 2, 0] 
 T1 => S124 [1, 1, 0, 1, 0, 0, 2, 0, 0, 1, 0, 3, 1, 1, 0] 
 T7 => S156 [2, 0, 1, 1, 0, 0, 2, 0, 0, 1, 0, 2, 1, 0, 1] 
 
 Reachable states from S243 [2, 0, 1, 1, 0, 0, 2, 0, 0, 0, 1, 2, 1, 1, 0] 
 T7 => S232 [2, 0, 1, 1, 0, 0, 2, 0, 0, 0, 1, 1, 1, 0, 1] 
 T9 => S241 [2, 0, 1, 1, 0, 0, 1, 1, 0, 1, 0, 2, 1, 1, 0] 
 T1 => S244 [1, 1, 0, 1, 0, 0, 2, 0, 0, 0, 1, 2, 1, 1, 0] 
 T6 => S253 [3, 0, 1, 1, 0, 0, 2, 0, 0, 0, 1, 2, 0, 2, 0] 
 
 Reachable states from S244 [1, 1, 0, 1, 0, 0, 2, 0, 0, 0, 1, 2, 1, 1, 0] 
 T9 => S209 [1, 1, 0, 1, 0, 0, 1, 1, 0, 1, 0, 2, 1, 1, 0] 
 T7 => S231 [1, 1, 0, 1, 0, 0, 2, 0, 0, 0, 1, 1, 1, 0, 1] 
 T2 => S245 [1, 0, 1, 0, 1, 0, 2, 0, 0, 0, 1, 2, 1, 1, 0] 
 T3 => S248 [1, 0, 1, 1, 0, 1, 1, 0, 0, 0, 1, 2, 1, 1, 0] 
 T6 => S251 [2, 1, 0, 1, 0, 0, 2, 0, 0, 0, 1, 2, 0, 2, 0] 
 
 Reachable states from S245 [1, 0, 1, 0, 1, 0, 2, 0, 0, 0, 1, 2, 1, 1, 0] 
 T9 => S106 [1, 0, 1, 0, 1, 0, 1, 1, 0, 1, 0, 2, 1, 1, 0] 
 T7 => S229 [1, 0, 1, 0, 1, 0, 2, 0, 0, 0, 1, 1, 1, 0, 1] 
 T11 => S243 [2, 0, 1, 1, 0, 0, 2, 0, 0, 0, 1, 2, 1, 1, 0] 
 T1 => S246 [0, 1, 0, 0, 1, 0, 2, 0, 0, 0, 1, 2, 1, 1, 0] 
 T6 => S252 [2, 0, 1, 0, 1, 0, 2, 0, 0, 0, 1, 2, 0, 2, 0] 
 
 Reachable states from S246 [0, 1, 0, 0, 1, 0, 2, 0, 0, 0, 1, 2, 1, 1, 0] 
 T9 => S107 [0, 1, 0, 0, 1, 0, 1, 1, 0, 1, 0, 2, 1, 1, 0] 
 T7 => S230 [0, 1, 0, 0, 1, 0, 2, 0, 0, 0, 1, 1, 1, 0, 1] 
 T11 => S244 [1, 1, 0, 1, 0, 0, 2, 0, 0, 0, 1, 2, 1, 1, 0] 
 T3 => S247 [0, 0, 1, 0, 1, 1, 1, 0, 0, 0, 1, 2, 1, 1, 0] 
 T6 => S250 [1, 1, 0, 0, 1, 0, 2, 0, 0, 0, 1, 2, 0, 2, 0] 
 
 Reachable states from S247 [0, 0, 1, 0, 1, 1, 1, 0, 0, 0, 1, 2, 1, 1, 0] 
 T9 => S103 [0, 0, 1, 0, 1, 1, 0, 1, 0, 1, 0, 2, 1, 1, 0] 
 T6 => S132 [1, 0, 1, 0, 1, 1, 1, 0, 0, 0, 1, 2, 0, 2, 0] 
 T7 => S149 [0, 0, 1, 0, 1, 1, 1, 0, 0, 0, 1, 1, 1, 0, 1] 
 T11 => S248 [1, 0, 1, 1, 0, 1, 1, 0, 0, 0, 1, 2, 1, 1, 0] 
 
 Reachable states from S248 [1, 0, 1, 1, 0, 1, 1, 0, 0, 0, 1, 2, 1, 1, 0] 
 T6 => S133 [2, 0, 1, 1, 0, 1, 1, 0, 0, 0, 1, 2, 0, 2, 0] 
 T7 => S150 [1, 0, 1, 1, 0, 1, 1, 0, 0, 0, 1, 1, 1, 0, 1] 
 T9 => S210 [1, 0, 1, 1, 0, 1, 0, 1, 0, 1, 0, 2, 1, 1, 0] 
 T1 => S249 [0, 1, 0, 1, 0, 1, 1, 0, 0, 0, 1, 2, 1, 1, 0] 
 
 Reachable states from S249 [0, 1, 0, 1, 0, 1, 1, 0, 0, 0, 1, 2, 1, 1, 0] 
 T3 => S43 [0, 0, 1, 1, 0, 2, 0, 0, 0, 0, 1, 2, 1, 1, 0] 
 T6 => S131 [1, 1, 0, 1, 0, 1, 1, 0, 0, 0, 1, 2, 0, 2, 0] 
 T7 => S151 [0, 1, 0, 1, 0, 1, 1, 0, 0, 0, 1, 1, 1, 0, 1] 
 T9 => S201 [0, 1, 0, 1, 0, 1, 0, 1, 0, 1, 0, 2, 1, 1, 0] 
 T2 => S247 [0, 0, 1, 0, 1, 1, 1, 0, 0, 0, 1, 2, 1, 1, 0] 
 
 Reachable states from S250 [1, 1, 0, 0, 1, 0, 2, 0, 0, 0, 1, 2, 0, 2, 0] 
 T9 => S108 [1, 1, 0, 0, 1, 0, 1, 1, 0, 1, 0, 2, 0, 2, 0] 
 T3 => S132 [1, 0, 1, 0, 1, 1, 1, 0, 0, 0, 1, 2, 0, 2, 0] 
 T7 => S163 [1, 1, 0, 0, 1, 0, 2, 0, 0, 0, 1, 1, 0, 1, 1] 
 T11 => S251 [2, 1, 0, 1, 0, 0, 2, 0, 0, 0, 1, 2, 0, 2, 0] 
 
 Reachable states from S251 [2, 1, 0, 1, 0, 0, 2, 0, 0, 0, 1, 2, 0, 2, 0] 
 T3 => S133 [2, 0, 1, 1, 0, 1, 1, 0, 0, 0, 1, 2, 0, 2, 0] 
 T7 => S181 [2, 1, 0, 1, 0, 0, 2, 0, 0, 0, 1, 1, 0, 1, 1] 
 T9 => S194 [2, 1, 0, 1, 0, 0, 1, 1, 0, 1, 0, 2, 0, 2, 0] 
 T2 => S252 [2, 0, 1, 0, 1, 0, 2, 0, 0, 0, 1, 2, 0, 2, 0] 
 
 Reachable states from S252 [2, 0, 1, 0, 1, 0, 2, 0, 0, 0, 1, 2, 0, 2, 0] 
 T7 => S182 [2, 0, 1, 0, 1, 0, 2, 0, 0, 0, 1, 1, 0, 1, 1] 
 T9 => S195 [2, 0, 1, 0, 1, 0, 1, 1, 0, 1, 0, 2, 0, 2, 0] 
 T1 => S250 [1, 1, 0, 0, 1, 0, 2, 0, 0, 0, 1, 2, 0, 2, 0] 
 T11 => S253 [3, 0, 1, 1, 0, 0, 2, 0, 0, 0, 1, 2, 0, 2, 0] 
 
 Reachable states from S253 [3, 0, 1, 1, 0, 0, 2, 0, 0, 0, 1, 2, 0, 2, 0] 
 T9 => S193 [3, 0, 1, 1, 0, 0, 1, 1, 0, 1, 0, 2, 0, 2, 0] 
 T7 => S233 [3, 0, 1, 1, 0, 0, 2, 0, 0, 0, 1, 1, 0, 1, 1] 
 T1 => S251 [2, 1, 0, 1, 0, 0, 2, 0, 0, 0, 1, 2, 0, 2, 0] 
 
 Reachable states from S254 [1, 0, 1, 1, 0, 1, 0, 1, 0, 0, 1, 1, 1, 1, 0] 
 T1 => S146 [0, 1, 0, 1, 0, 1, 0, 1, 0, 0, 1, 1, 1, 1, 0] 
 T6 => S178 [2, 0, 1, 1, 0, 1, 0, 1, 0, 0, 1, 1, 0, 2, 0] 
 T7 => S235 [1, 0, 1, 1, 0, 1, 0, 1, 0, 0, 1, 0, 1, 0, 1] 
 T10 => S248 [1, 0, 1, 1, 0, 1, 1, 0, 0, 0, 1, 2, 1, 1, 0] 
 
 Reachable states from S255 [1, 0, 1, 1, 0, 0, 2, 0, 0, 1, 0, 3, 2, 0, 0] 
 T1 => S123 [0, 1, 0, 1, 0, 0, 2, 0, 0, 1, 0, 3, 2, 0, 0] 
 T6 => S242 [2, 0, 1, 1, 0, 0, 2, 0, 0, 1, 0, 3, 1, 1, 0] 
 
 Reachable states from S256 [2, 0, 1, 1, 0, 0, 1, 1, 1, 0, 0, 2, 0, 2, 0] 
 T7 => S139 [2, 0, 1, 1, 0, 0, 1, 1, 1, 0, 0, 1, 0, 1, 1] 
 T1 => S198 [1, 1, 0, 1, 0, 0, 1, 1, 1, 0, 0, 2, 0, 2, 0] 
 T5 => S241 [2, 0, 1, 1, 0, 0, 1, 1, 0, 1, 0, 2, 1, 1, 0] 
 T10 => S257 [2, 0, 1, 1, 0, 0, 2, 0, 1, 0, 0, 3, 0, 2, 0] 
 
 Reachable states from S257 [2, 0, 1, 1, 0, 0, 2, 0, 1, 0, 0, 3, 0, 2, 0] 
 T1 => S113 [1, 1, 0, 1, 0, 0, 2, 0, 1, 0, 0, 3, 0, 2, 0] 
 T7 => S155 [2, 0, 1, 1, 0, 0, 2, 0, 1, 0, 0, 2, 0, 1, 1] 
 T5 => S242 [2, 0, 1, 1, 0, 0, 2, 0, 0, 1, 0, 3, 1, 1, 0] 
 
 Reachable states from S258 [2, 0, 1, 1, 0, 1, 1, 0, 0, 1, 0, 3, 0, 2, 0] 
 T1 => S127 [1, 1, 0, 1, 0, 1, 1, 0, 0, 1, 0, 3, 0, 2, 0] 
 T7 => S159 [2, 0, 1, 1, 0, 1, 1, 0, 0, 1, 0, 2, 0, 1, 1] 
 T4 => S257 [2, 0, 1, 1, 0, 0, 2, 0, 1, 0, 0, 3, 0, 2, 0] 
 
 Reachable states from S259 [3, 0, 1, 1, 0, 0, 2, 0, 0, 1, 0, 1, 0, 0, 2] 
 T1 => S160 [2, 1, 0, 1, 0, 0, 2, 0, 0, 1, 0, 1, 0, 0, 2] 
 T8 => S233 [3, 0, 1, 1, 0, 0, 2, 0, 0, 0, 1, 1, 0, 1, 1] 
 
 Reachable states from S260 [1, 0, 1, 1, 0, 1, 1, 0, 0, 1, 0, 2, 1, 0, 1] 
 T1 => S45 [0, 1, 0, 1, 0, 1, 1, 0, 0, 1, 0, 2, 1, 0, 1] 
 T4 => S154 [1, 0, 1, 1, 0, 0, 2, 0, 1, 0, 0, 2, 1, 0, 1] 
 T6 => S159 [2, 0, 1, 1, 0, 1, 1, 0, 0, 1, 0, 2, 0, 1, 1] 
 T8 => S248 [1, 0, 1, 1, 0, 1, 1, 0, 0, 0, 1, 2, 1, 1, 0] 
