 Minimal siphons 
2 7 8 12 14 20 21 22 25
3 8 12 14 20 22 25
4 12 14 20 22 25
20 22 24
23 24 25 26
18 21
5 9 10 15
6 10 15
5 9 13
18 19 20 21
5 9 13 15 16 17 18 19 20
6 10 15 16 17 18 19 20
11 12 13 15 16 17 18 19 20
5 6 10 15 16 17 18 19 20
5 9 10 15 16 17 18 19 20
4 9 13 14 20 22 25
4 5 6 11 16 28
4 5 6 10 15
4 5 6 11 16 18 19 23 24 27
4 5 6 10 11 15 16 17
4 5 6 10 11 15 16 17 18
4 5 6 10 11 15 16 17 18 19
4 5 6 10 11 15 16 17 22 24
4 9 10 14 15 22 25
4 9 10 14 15 19 23 25
4 5 9 13
4 9 13 14 19 23 25
4 5 9 11 12 13 16 28
4 5 6 11 12 16 28
4 5 6 10 11 12 15 16 17
4 5 6 10 11 12 15 16 17 18
4 5 6 10 11 12 15 16 17 18 19
4 5 6 10 11 12 15 16 17 22 24
4 5 6 10 11 12 15 16 17 18 19 20
4 5 6 10 11 12 15 16 17 20 22 24
4 5 9 10 11 12 15 16 17
4 5 9 10 11 12 15 16 17 18
4 5 9 10 11 12 15 16 17 18 19
4 5 9 10 11 12 15 16 17 22 24
4 5 9 10 11 12 13 15 16 17
4 5 9 10 11 12 13 15 16 17 18
4 5 9 10 11 12 13 15 16 17 18 19
4 5 9 10 11 12 13 15 16 17 22 24
4 5 9 11 12 13 15 16 17 18 19 20
4 12 14 19 23 25
3 4 5 6 11 16 28
3 4 5 6 10 15
3 4 5 6 10 11 15 16 17
3 4 5 6 10 11 15 16 17 18
3 4 5 6 10 11 15 16 17 18 19
3 4 5 6 10 11 15 16 17 22 24
3 4 5 9 13
3 4 5 9 11 12 13 16 28
3 4 5 6 11 12 16 28
3 4 5 6 10 11 12 15 16 17
3 4 5 6 10 11 12 15 16 17 18
3 4 5 6 10 11 12 15 16 17 18 19
3 4 5 6 10 11 12 15 16 17 22 24
3 4 5 6 10 11 12 15 16 17 18 19 20
3 4 5 6 10 11 12 15 16 17 20 22 24
3 4 5 9 10 11 12 15 16 17
3 4 5 9 10 11 12 15 16 17 18
3 4 5 9 10 11 12 15 16 17 18 19
3 4 5 9 10 11 12 15 16 17 22 24
3 4 5 9 10 11 12 13 15 16 17
3 4 5 9 10 11 12 13 15 16 17 18
3 4 5 9 10 11 12 13 15 16 17 18 19
3 4 5 9 10 11 12 13 15 16 17 22 24
3 4 5 9 11 12 13 15 16 17 18 19 20
3 8 9 13 14 20 22 25
3 8 11
3 8 9 10 14 15 22 25
3 5 8 9 10 11 15
3 8 9 10 14 15 19 23 25
3 5 8 9 11 13
3 8 9 13 14 19 23 25
3 8 11 12
3 8 12 14 19 23 25
2 3 4 5 6 11 16 28
2 3 4 5 6 10 15
1 2 3 4 5 6
2 3 4 5 6 10 11 15 16 17
2 3 4 5 6 10 11 15 16 17 18
2 3 4 5 6 10 11 15 16 17 18 19
2 3 4 5 6 10 11 15 16 17 22 24
2 3 4 5 9 13
2 3 4 5 9 11 12 13 16 28
2 3 4 5 6 11 12 16 28
2 3 4 5 6 10 11 12 15 16 17
2 3 4 5 6 10 11 12 15 16 17 18
2 3 4 5 6 10 11 12 15 16 17 18 19
2 3 4 5 6 10 11 12 15 16 17 22 24
2 3 4 5 6 10 11 12 15 16 17 18 19 20
2 3 4 5 6 10 11 12 15 16 17 20 22 24
2 3 4 5 9 10 11 12 15 16 17
2 3 4 5 9 10 11 12 15 16 17 18
2 3 4 5 9 10 11 12 15 16 17 18 19
2 3 4 5 9 10 11 12 15 16 17 22 24
2 3 4 5 9 10 11 12 13 15 16 17
2 3 4 5 9 10 11 12 13 15 16 17 18
2 3 4 5 9 10 11 12 13 15 16 17 18 19
2 3 4 5 9 10 11 12 13 15 16 17 22 24
2 3 4 5 9 11 12 13 15 16 17 18 19 20
2 3 8 11
2 3 5 8 9 10 11 15
2 3 5 8 9 11 13
2 3 8 11 12
2 7 16
2 7 8 9 13 14 20 21 22 25
2 7 8 11 16
2 7 8 11 16 18
2 7 8 9 10 14 15 21 22 25
2 7 8 9 10 14 15 19 21 23 25
2 5 7 8 9 11 13 18 21
2 5 7 8 9 11 13 16
2 5 7 8 9 11 13 16 18
2 7 8 9 13 14 19 21 23 25
2 7 8 11 12 18 21
2 7 8 11 12 16
2 7 8 11 12 16 18
2 7 8 12 14 19 21 23 25
 Minimal traps 
18 21
6 7 8 9 10 14 16 21 22 23
5 7 8 9 14 16 21 23 25
4 7 8 14 16 21 23 25
20 22 24
23 24 25 26
3 7 8 16
2 7 16
3 8 11
3 7 8 15 16 17 20
2 7 15 16 17 20
2 3 7 15 16 17 20
4 12 14 19 23 25
4 8 11 14 19 23 25
3 4 8 11
4 8 11 14 19 22 23
4 12 14 19 22 23
2 3 4 7 16
2 3 4 7 12 13 15 16 17
3 4 7 8 16
4 7 8 14 16 19 23 25
4 7 8 14 16 19 22 23
4 7 8 14 16 21 22 23
5 9 12 14 19 23 25
3 4 5 8 11
5 8 9 11 14 19 23 25
5 9 13
3 5 8 9 11 13
5 8 9 11 14 19 22 23
5 9 12 13
5 9 12 14 19 22 23
2 3 4 5 7 16
2 3 4 5 7 12 13 15 16 17
2 5 7 9 13 16
2 5 7 9 12 13 16
3 4 5 7 8 16
3 5 7 8 9 13 16
5 7 8 9 14 16 19 23 25
5 7 8 9 14 16 19 22 23
5 7 8 9 14 16 21 22 23
6 9 10 12 14 19 22 23
6 10 15
1 2 3 4 5 6
3 4 5 6 8 11
5 6 9 13
3 5 6 8 9 11 13
5 6 9 12 13
6 8 9 10 11 14 19 22 23
6 9 10 13 20 22 24
6 9 10 13 15
6 9 10 13 15 20
3 6 8 9 10 11 13 20 22 24
3 6 8 9 10 11 13 15
3 6 8 9 10 11 13 15 20
6 9 10 12 13 20 22 24
6 9 10 12 13 15
6 9 10 12 13 15 20
2 3 4 5 6 7 16
2 4 5 6 7 12 14 16 19 20 22 23 24
2 6 7 9 10 13 16 22 23 24 27
2 6 7 9 10 13 16 20 22 23 24
4 5 6 7 8 16 23 24 27
3 4 5 6 7 8 16
4 5 6 7 8 14 16 21 23 27
4 5 6 7 8 14 16 19 23 27
4 5 6 7 8 14 16 20 21 22 23 24
4 5 6 7 8 14 16 19 20 22 23 24
3 6 7 8 10 15 16
5 6 7 8 9 14 16 21 23 27
3 5 6 7 8 9 13 16
5 6 7 8 9 14 16 19 23 27
6 7 8 9 10 13 16 22 23 24 27
6 7 8 9 10 13 16 20 22 23 24 28
3 6 7 8 9 10 13 16 20 22 23 24
6 7 8 9 10 14 16 19 22 23
6 9 10 11 14 16 18 19 22 23 28
3 8 11 15 16 17 18 19 20
2 7 15 16 17 18 19 20
11 12 13 15 16 17 18 19 20
2 3 7 15 16 17 18 19 20
3 7 8 15 16 17 18 19 20
2 3 4 7 15 16 17 18 19 20
3 4 7 8 15 16 17 18 19 20
3 4 8 11 15 16 17 18 19 20
3 4 8 11 12 13 15 16 17 18 19 20
2 3 4 7 12 13 15 16 17 18 19 20
3 4 7 8 12 13 15 16 17 18 19 20
2 3 4 5 7 15 16 17 18 19 20
3 4 5 7 8 15 16 17 18 19 20
3 4 5 8 11 15 16 17 18 19 20
3 4 5 8 11 12 13 15 16 17 18 19 20
2 3 4 5 7 12 13 15 16 17 18 19 20
3 4 5 7 8 12 13 15 16 17 18 19 20
2 5 7 9 13 15 16 17 18 19 20
3 5 7 8 9 13 15 16 17 18 19 20
3 5 8 9 11 13 15 16 17 18 19 20
5 9 11 12 13 15 16 17 18 19 20
3 5 7 8 9 12 13 15 16 17 18 19 20
2 5 7 9 12 13 15 16 17 18 19 20
2 3 5 7 9 12 13 15 16 17 18 19 20
4 5 6 11 16 18 19 23 24 27
2 4 5 6 7 12 14 16 18 19 20 22 23 24
4 5 6 7 8 14 16 18 19 20 22 23 24
2 3 4 5 6 7 11 12 13 15 16 17 18 19 20
1 2 3 4 5 6 11 12 13 15 16 17 18 19 20
4 5 6 11 14 16 18 19 23 27
4 5 6 11 14 16 18 19 23 25 28
4 5 6 11 14 16 18 19 22 23 28
4 5 6 11 12 14 16 18 19 20 22 23 24
4 5 6 8 11 14 16 18 19 20 22 23 24
1 2 3 4 5 6 11 12 13 15 16 17 18 19 20 22 23 24
6 10 15 18 19 20
1 2 3 4 6 10 15 18 19 20
1 2 3 4 6 10 12 13 15 18 19 20
2 6 7 10 15 16 18 19 20
3 6 7 8 10 15 16 18 19 20
3 6 8 10 11 15 18 19 20
6 10 11 12 13 15 18 19 20
1 2 3 6 10 11 12 13 15 18 19 20
3 4 6 8 10 11 15 18 19 20
3 4 6 8 10 11 12 13 15 18 19 20
1 2 3 4 6 10 11 12 13 15 18 19 20
3 6 8 10 11 15 16 18 19 20
6 10 11 12 13 15 16 18 19 20
2 3 6 7 10 11 12 13 15 16 18 19 20
1 2 3 6 10 11 12 13 15 16 18 19 20
5 6 9 11 14 16 18 19 23 27
5 6 9 11 14 16 18 19 23 25 28
5 6 9 11 14 16 18 19 22 23 28
6 9 10 13 18 19 20 22 24
6 9 10 13 15 18 19 20
6 9 10 12 13 18 19 20 22 24
6 9 10 12 13 15 18 19 20
2 6 7 9 10 13 16 18 19 22 23 24 27
2 6 7 9 10 13 16 18 19 20 22 23 24
6 7 8 9 10 13 16 18 19 22 23 24 27
6 7 8 9 10 13 16 18 19 20 22 23 24 28
3 6 7 8 9 10 13 16 18 19 20 22 23 24
6 9 10 11 13 16 18 19 22 23 24 27
3 6 8 9 10 11 13 18 19 20 22 24
6 9 10 11 12 13 18 19 20 22 24
6 9 10 11 12 13 15 18 19 20
1 2 3 6 9 10 11 12 13 18 19 20 22 24
1 2 3 6 9 10 11 12 13 15 18 19 20
3 6 8 9 10 11 13 15 18 19 20
6 9 10 11 13 16 18 19 20 22 23 24 28
3 6 8 9 10 11 13 16 18 19 20 22 23 24
6 9 10 11 12 13 16 18 19 20 22 23 24
2 3 6 7 9 10 11 12 13 16 18 19 20 22 23 24
1 2 3 6 9 10 11 12 13 16 18 19 20 22 23 24
6 9 10 11 14 16 18 19 22 23 27
 Analysis time: 1.434s